-3.967202726723224604e-01
2.947193016983788993e-01
-3.013313079010795370e-01
2.071891546006030538e-01
1.623744349599778314e-01
1.775879703835472334e-01
-4.098399476955005838e-01
3.981966204732019232e-01
8.301461250786033030e-01
2.346607965433555876e-01
-3.387087879885020136e-02
-5.644865123445295119e-01
3.351514911424076093e-01
8.870751637865921246e-01
-9.412584886470674039e-01
6.401541684041802682e-01
-4.867418239637166799e-01
-1.802165538305662285e-01
-4.318748968981962477e-01
-1.136096900926271136e-01
-8.052130662735084154e-01
5.400246421305165967e-01
5.790153294680537854e-01
-3.623982781630912253e-01
2.407611060178704854e-02
-5.887563464722522788e-01
4.449028561496193301e-01
-1.270612012811016545e-01
-9.534621037550718992e-01
4.502758134984574667e-02
2.667355250251886023e-01
2.001511721140813993e-01
1.393779847693608076e-01
-9.212504977266215977e-01
1.777206062535641173e-01
9.919602218079224265e-01
2.501057509452224714e-01
-1.435210460026266066e-01
-1.918053425135040069e-01
-1.473717862186583183e-01
-6.416560535232003204e-01
7.655593563271834157e-02
-7.373387465826706233e-01
7.567189535652227850e-01
7.545582801992134492e-03
5.532213861949182299e-01
-6.220774305689011907e-01
1.871130134527521083e-01
5.438387444183323538e-01
1.063795283881106002e-01
8.229753575329279425e-01
6.467460402881248793e-01
2.458674409562864316e-01
6.613737722515211637e-02
-4.159947783953119593e-01
-5.201187323022351539e-01
-2.595366464925181749e-01
-3.653773667388020563e-01
7.931884074850492627e-01
5.633222760457539113e-01
-8.152003960539122573e-01
6.827304491630179495e-01
8.860815028844839514e-01
-6.347303461522697532e-01
-6.727014869265106611e-01
5.817598794478060498e-01
7.159287902311000096e-01
7.002410476013034568e-01
9.156032335122445964e-01
-4.603883586785064708e-01
9.972347199281625940e-01
-1.665544737094026839e-01
7.423120321574507852e-01
4.948728648802664942e-01
7.179653692192644598e-01
-9.044221672255441380e-01
3.570556596125662452e-02
3.337279624499325248e-01
4.374930544277333411e-01
-4.153620979450545203e-01
6.578828334140245371e-01
4.394202325201543857e-01
-7.469883172099580637e-01
-8.714186097996998726e-01
-3.558191154964733816e-01
-7.527493604470609778e-01
6.224887306266979614e-01
1.179594912033539167e-01
6.600125680767869873e-01
-8.493376366867015914e-01
-4.307507698857739875e-01
-6.961466502912796450e-01
2.644249865867005500e-01
6.034001068144185798e-01
6.662951975034929752e-01
8.838652491153919932e-02
-8.524647843989510143e-01
9.622304938566303978e-01
-9.622601914335822126e-01
-9.291430550315800119e-01
9.763181072447713049e-01
1.861765138074904513e-01
6.829689760410535548e-01
-7.732795661200475568e-01
5.283280314167935199e-01
-8.142803277618628766e-01
7.788627514630908077e-01
9.674168380543934909e-02
6.992928974679062382e-01
-5.327185516828560896e-01
3.234998161034647879e-01
-9.393594639923064094e-02
-8.969576527893947659e-01
8.535093725632820760e-01
8.780058511221056072e-01
7.070141517770358597e-01
-8.793157292370410438e-01
2.309938033138354552e-01
-7.414948844781275028e-01
-8.380682820871900862e-01
-6.815167311626841862e-01
6.786952015266136673e-01
9.149038477922226686e-01
8.087305244422817729e-01
9.483952845050513947e-01
8.283480054673859616e-01
4.367406556231794301e-01
-1.500529318541896640e-01
4.716898761881296309e-01
3.508802309965912691e-01
1.406349824042705254e-01
-2.969656712468502491e-01
-3.592947476479917412e-01
-9.597567573976695243e-02
5.384953457375420971e-01
9.314024649356815733e-01
-7.229625860423145589e-01
-2.150575712732838429e-01
-4.237585959049905426e-02
9.366452048902740302e-03
-7.501435003836525173e-01
-6.502621409384110596e-01
-9.897096787891328518e-01
-4.301519540781824080e-01
-9.450924470666111077e-02
-4.637101493980364531e-01
4.282844783375736597e-01
-8.508479291099391162e-01
-7.033974441927337562e-01
1.327093326304635834e-01
5.253876818330269760e-01
8.986650067714734291e-01
8.795693258893402255e-01
1.377013244080320664e-01
3.159358517697421487e-01
1.125756809879947529e-01
4.127634234584651729e-01
-9.753947975799062142e-01
-9.893278013527964099e-01
-1.491972552606417590e-01
4.804841750936212907e-01
-3.201530126497198481e-01
-7.728501612252434150e-01
-3.078159616215487837e-01
7.577078149074882862e-01
-6.198088793025140486e-01
1.333086002367722678e-02
-5.070001372699275421e-01
3.983717016270484912e-01
-1.140487708502260222e-01
7.863263875778212508e-01
-1.984397150169845414e-01
-2.917277019199662202e-01
8.294173086994827138e-02
-2.697221163264318378e-03
-3.269995717973193106e-01
-4.074823781779035592e-02
2.424156317658268112e-01
-8.514101108539808838e-01
-4.140348088811072191e-01
6.374073010243836990e-01
5.926112648375025937e-01
-2.050894776677860687e-01
-6.423185841484364555e-01
-6.222802551537058857e-01
-1.242349923942316359e-01
9.268952373791909949e-01
-3.991178189599267068e-01
-2.197672140623163628e-01
8.762868269997823312e-01
1.792941111210195615e-01
5.710630487474377404e-02
5.089991566534657341e-01
8.275421269438081318e-01
5.827646849787160299e-01
-3.877907326240648267e-01
-7.449803946944899558e-02
1.101812469023615293e-01
-2.216199712528206245e-01
-2.081279448636823570e-01
-6.201723371767695614e-01
7.331927016885020354e-01
-9.257442778193893940e-01
6.051941217017660080e-01
2.277211415844360154e-02
-7.127454738499063858e-01
3.806154677426176747e-03
4.285275391373697396e-01
-3.644788522511848150e-01
5.059206040388073422e-01
-4.378039321858606669e-01
9.508320226295181588e-01
9.203040493736067695e-01
-5.468471832998973436e-01
-3.188711536609649677e-01
1.304829141163061923e-01
5.260686355044770224e-01
7.161008774088772899e-01
3.575614076758601989e-01
1.532476100787456552e-01
-6.125566003371925028e-01
-6.416489239968599101e-01
7.220833227500942364e-01
6.997559363841610036e-03
9.543418620105927896e-01
-5.123133960198871240e-01
-5.795734336356170857e-01
7.126232177427231917e-01
2.372183834938956792e-01
3.755723671464175073e-01
-7.667372600528137294e-01
1.746195439760365176e-01
-1.219004161397316821e-01
-3.909013847228666183e-01
-7.689155574329573639e-01
-9.789418054621450427e-01
-7.242280408118570989e-01
-3.174599738334997756e-01
6.164420931508893808e-01
1.701760366178950434e-02
-9.149313585669063276e-01
7.164886878224665523e-01
-1.247121650532490023e-01
-5.104467689457052870e-01
8.461329824722421122e-01
-7.514960907225189946e-01
-5.777394277231835407e-01
2.747655941970472693e-01
2.119222197615309167e-01
5.147478490633867754e-01
-9.809182380343068886e-01
5.320565240529548934e-01
-2.251962064401697994e-01
8.380570425261779643e-01
2.618108276134678558e-01
-9.528895876530254494e-01
-6.929425170171861215e-01
1.506003665781552314e-01
-4.228000480947713413e-02
8.474850126593569399e-01
1.880107220751943142e-01
-8.171281288062113290e-01
-1.969084142574943908e-01
1.211145895957006502e-01
-3.180040533978667483e-02
