5.347549934528117443e-01
-5.323443623089656462e-01
-8.132715003489283667e-01
-5.777276792103880343e-01
3.552225038409329017e-02
-7.659441560457800335e-01
8.094469813494997723e-02
-4.455559698233648724e-01
4.230076515264784565e-01
-1.580561771175716945e-01
-9.381204715636208835e-01
-8.945799934734115499e-01
6.422571753033505804e-01
-7.055558565735906562e-01
2.778210919956920488e-01
-3.650248766026937819e-01
-2.565348001392431243e-01
1.113653679235948601e-01
1.430795674324480959e-01
4.943560500483854536e-01
-1.037818914250696611e-01
-5.564088407653071666e-01
2.780342088459006877e-01
4.454263501029909200e-02
1.128212678734243912e-01
2.777192039092364340e-01
-8.049904515755046397e-02
-7.459716670341636213e-01
-9.750390202839751552e-01
1.830732651437314562e-01
7.898523790953919654e-01
-3.145377892715315316e-01
2.596188373502146263e-01
-2.509090151450248385e-01
4.610233925383013798e-01
-3.498356401999878074e-01
4.814078871879818866e-01
9.885806707760502743e-01
2.649464080766261720e-01
7.737794425756214789e-01
-6.209153306318242471e-01
9.450215894347235857e-01
2.321006702979091507e-01
-2.492289730821164451e-01
5.308180864964273660e-01
1.812322376684538661e-02
9.659330982809135602e-01
-1.748342195368060015e-01
-2.062294427818796017e-01
-8.258465648935322534e-01
-9.099054191124507085e-01
-9.809085120292597715e-01
5.565888392919817740e-01
5.040013330740138464e-01
3.905592873920029628e-01
-7.024260898887688676e-01
3.150751959223425658e-01
2.242389368696433571e-01
9.796122681315433400e-01
-4.792008005632553136e-01
1.921306298791756184e-01
6.221548481058598590e-01
6.458010859428631179e-01
8.769587808376293481e-01
-2.527350352662667277e-01
9.249902325653469592e-01
-5.862101423875820672e-01
-4.933619813781613406e-01
7.220480840559420077e-01
3.116447428261475139e-01
5.212879960612706309e-01
4.785784441589608917e-01
1.157229668625219254e-01
5.022234786186254851e-01
1.893594449344162545e-01
-1.308249211526613109e-01
-9.540192964622731253e-01
4.865397980564554192e-01
-7.948485676411578549e-01
-5.640580170711795294e-01
-4.508218102582295383e-01
-9.216291131224141342e-01
1.227937981772329046e-01
9.930487289391591865e-01
1.857462522177617537e-01
4.967515494797587472e-01
-2.069157925704325773e-01
-9.368359675347652793e-01
5.994361352960728695e-01
5.220561152257054971e-01
4.266787787189509906e-01
-2.531289336876985097e-01
3.874900430663119621e-01
-5.301092546176924269e-01
6.653646290920511852e-02
5.618479886324747596e-01
6.008738817953660494e-01
5.004408514317308931e-01
1.613511858007248279e-01
8.920713073409625160e-02
-8.201740738788725338e-01
2.351832847435408880e-01
3.550864629230880976e-01
4.247513831274689622e-01
-5.477097835794897396e-01
8.656405505065005723e-01
1.641167315991436393e-01
-8.159289791937438530e-01
2.990262330068731433e-01
-1.283097069384577793e-01
1.340287403057045523e-01
-2.577506465275440917e-01
-8.240188547692037790e-01
-8.463146799913174867e-01
1.340768786031703019e-01
-6.199952843944782632e-01
8.621535517751346411e-01
-9.222765418484302202e-02
1.639586274489861495e-01
5.539054552128239717e-01
6.180347217670520976e-01
-9.489546983900685184e-01
8.655163400867815771e-01
9.991489374458275563e-01
4.648386887718427563e-01
-5.678231012176124803e-01
-2.684291905420950197e-01
4.932192282274401318e-01
4.127928982697175453e-01
-4.900724597019276985e-01
-3.059935427447038059e-01
-5.967005210659803716e-01
2.062373688746816924e-01
6.018744658375245749e-01
3.655510873925695847e-01
3.416232740462719075e-01
8.151344609275512632e-01
3.092265228372379493e-01
4.376090417307216818e-01
-5.434123986312537902e-01
-3.118937074577541324e-01
7.883956353969319153e-01
-8.921286368912006992e-01
3.086080475014842950e-01
-7.637429167912357375e-01
-8.836623480532210806e-01
3.963758482301911190e-01
-2.950743470769245924e-01
-1.189790513138970773e-01
-6.523689718891927392e-01
5.089464493226685260e-01
-3.755595950640293612e-01
-2.832428584627233459e-01
-4.367538557972343582e-01
1.238395049065956766e-01
5.624959001328830865e-01
7.403035131949142755e-01
5.104322992957492922e-01
-9.397806634944469995e-01
2.621429699970858618e-01
7.112435043122455891e-01
-1.500505490063661629e-01
-5.172002012504652857e-01
2.560947006744453969e-01
-3.854350120220051412e-01
-1.798983769775781560e-01
-4.569381404805881175e-01
-5.009353561321805426e-01
9.245963631598781429e-01
9.858420905090947706e-02
4.322055514223888117e-02
-8.439814991283747236e-01
-4.438460197998173040e-01
9.634439508999217416e-01
-2.289537736264406487e-01
-9.373896390922193955e-01
-6.649887915231775803e-01
-5.411747624788265654e-01
-9.139076622867461364e-01
-3.656492499082388825e-01
9.363764454362475398e-01
-8.273023622701580759e-01
-9.232378776298784118e-01
5.080618994980248271e-01
8.784507390821225670e-01
-3.314130824525778340e-01
-4.657564139916421375e-01
4.985364109002274891e-01
-4.714449905601059143e-01
5.199640238724867469e-01
-6.645937569327744487e-01
4.651514122176885202e-01
-3.557427387150151610e-01
-8.614461452030677258e-01
-2.016866446999241447e-01
2.057016304015668595e-04
-6.845978834196648766e-01
8.473901810162904891e-01
-7.422242296206333911e-01
-3.375985633934475150e-01
8.483821924567016559e-01
8.424026522084053781e-01
-6.703296537586767023e-01
-8.404327168246974455e-01
5.588332790632235536e-01
7.068369099199789396e-01
7.606150708919192649e-01
4.533772284393962071e-01
-5.356762153684764272e-01
4.560728359531742715e-01
1.270618956692648460e-01
2.780593457943947300e-01
-6.655236157771382555e-01
9.607119881650911797e-01
6.312331770565644540e-01
-9.362234930607011840e-01
2.227485114267646615e-02
2.434696511203782165e-01
8.314507811780980084e-02
3.130781566460558718e-01
8.665788659277604555e-01
2.732393029349196034e-01
-1.017807016245728668e-01
8.224110297514868329e-01
-5.964131020858240984e-01
-6.338951417113456444e-01
-8.939070961467010523e-01
3.091552327418891633e-01
-8.243658682148358174e-02
9.068070467833557746e-01
-8.721033994296558678e-01
-6.531157437780623631e-01
9.748608947687791293e-01
4.681728196625360994e-01
6.323843811254075131e-01
-1.672324475929620746e-01
7.826379830558392037e-01
8.222765048113418462e-01
6.174503818617234074e-01
6.618149057921305367e-01
-4.064870795729280673e-01
-4.763742399443002817e-01
8.530381035508567411e-01
4.792590673556542669e-01
5.759223801448147828e-01
2.949878385007751458e-01
-2.426978691969705615e-01
8.872981060651794483e-01
5.149895155576356132e-01
1.498849904912984421e-01
-3.455800613475716876e-01
-3.845201821772372686e-01
3.161649291084014379e-01
-3.472450729915768086e-01
9.297908768162634896e-01
-8.342731422521709739e-01
-3.403734412819900967e-01
-6.648698267317969535e-01
7.574127930648382190e-01
9.273414830455137814e-01
8.841461201677720538e-01
9.365173395469024165e-01
-8.545063881098384773e-01
4.374056986754764065e-01
-4.930662631061308865e-01
