5.573093497002548080e-01
-5.777744331642489239e-01
-1.937381525641908020e-01
-5.555204471885994977e-01
3.065234018722871046e-01
-4.422374728293907431e-01
-4.421420915319576039e-01
3.242306884872980799e-01
2.845054568875073908e-01
-1.475787734180780131e-01
-2.418681724156628299e-01
7.737242484285928867e-01
9.354028405829217796e-02
-5.047986575210854365e-01
-2.016572655386323909e-01
3.638870035420496141e-01
4.912195667457834869e-01
1.940813480809626679e-01
9.439901733101989656e-01
-5.853110374135448435e-01
1.745043715948018104e-01
8.979551029055734546e-01
-8.233177324502121142e-01
-6.923863617861976127e-01
9.421593322248589253e-01
-8.783864340836422535e-01
-4.418338291038250709e-01
9.694990048225864410e-01
-8.121353689540609100e-01
-4.074689204537129683e-01
-6.029854065267514773e-01
3.091240518639470913e-02
-9.646556270417567802e-01
8.672821257003882067e-01
4.881116099575673051e-01
4.340302674022058493e-01
-9.342257980843129417e-01
8.920101063594647606e-01
-6.981618885768536842e-01
1.424105267795272578e-01
-4.557144085110269582e-01
-7.073392403518936611e-01
-9.786481377961038230e-01
1.671685222339545085e-01
-6.152397690775022188e-01
3.833432382884454093e-01
9.682588430926031275e-01
-4.347030238272300284e-01
-9.132966245508762348e-01
7.433538154402972165e-01
-6.671829489470235686e-01
-1.174589250162401122e-01
-6.746646131960958304e-01
7.870467519434765080e-01
4.786602567416522458e-01
-7.045087542586303542e-02
4.116491537752910990e-01
2.210086768861314610e-01
-6.265449548898831544e-01
-8.395828600673753694e-01
-3.193383307142814154e-01
-5.177670202158168866e-01
-4.075721082436094544e-01
-2.997698935738646320e-02
6.238839750242555215e-01
3.894745700848569747e-01
8.558590653748132659e-02
-4.707296166079000255e-01
-9.422297752935924198e-01
-6.822269593967293932e-01
4.475506303133660602e-01
5.578836076234141572e-01
-8.606142896337527493e-01
-1.689492816620596916e-01
-3.438137552516833395e-01
3.181432266441732715e-01
-3.356432108374978185e-01
5.694523813603118434e-01
-9.817357448668273534e-02
-3.663321337282954282e-02
-7.290657510706923805e-01
4.259372129666603168e-01
1.629228021227369094e-01
8.805848462936505250e-02
9.923302152411630495e-01
7.530321945889473234e-02
-5.010577576537245115e-02
2.646072918473654223e-01
9.341831223516425808e-01
9.882892239346694474e-01
-7.331274313696900524e-01
9.474650351207158927e-01
-5.646586373013053883e-01
6.305260699768453492e-01
-8.693365281002249922e-01
-2.130091617829896755e-01
-9.247064220257514844e-01
-1.787904914010394197e-01
-9.652792791567046393e-01
5.714680782041350326e-01
-2.334738132267561994e-01
7.129834478194687630e-01
-9.159554136086462961e-01
5.607024965513154324e-01
-7.588253644995157643e-02
6.476028937545452724e-01
-2.073220354698617207e-01
7.472192625465414739e-01
2.522332061304717321e-01
5.278889052025561579e-01
9.369968870870324373e-01
2.645486120837559074e-01
-2.593465904191831761e-01
-3.810198697946540758e-01
3.341917316374476421e-01
8.203605219453136144e-02
-7.368341175497439277e-01
8.307184798063680375e-01
-4.745253633858581566e-03
-1.259611951796439921e-01
8.993872233699351515e-01
-7.000438602286078726e-01
-2.656508638810564094e-01
-2.276338765268264286e-01
-8.624298714091538365e-02
3.351472439170908313e-01
4.045570567109877391e-01
7.261621029311227105e-01
-8.797921874418601629e-01
-1.010915510232639480e-01
-5.629434268170272482e-01
2.934546777843893839e-01
1.305295017870222729e-02
-9.998304359327578883e-01
-3.942418970145566970e-01
-1.381837492846771376e-01
1.649917118089605506e-01
9.008059976333024910e-01
-7.030125558690136778e-02
4.558117235527101574e-01
-5.065500573131678230e-01
4.996245429224166479e-02
4.313634629462699266e-01
-1.305816851791015143e-01
-2.676815529982796704e-01
8.603924404531364534e-01
-9.121015903691598314e-01
-8.193466693665196754e-01
8.560891108688475359e-01
-1.106140576590501912e-01
-2.807818130104335896e-01
6.919233522172931750e-01
-3.359135519465552555e-01
4.021908111350602777e-01
-3.618432446294117533e-01
4.890409315140555879e-01
4.650404671578609594e-01
2.285073783486686327e-01
-1.655483774497648053e-01
2.798146661696279125e-01
-1.284802689048096802e-01
-6.517304428523078563e-01
2.041484520325949070e-01
-1.065776125588782097e-01
-4.358765067375984792e-01
8.489965500105460805e-01
-7.805618289003137811e-01
7.581568241489906601e-01
-7.735896348725530558e-01
8.559290934408341212e-01
6.460111534106842690e-01
-8.495762333461303051e-01
-8.217084589390779570e-01
-3.706824251263771686e-01
-9.769909175392281764e-01
-4.486303028928964043e-01
6.710486577288277132e-02
-8.771077213191960098e-01
8.727845105202289844e-01
6.241215767323913255e-01
-8.752150392061988082e-01
1.626084125999129881e-01
-7.962929067509292302e-01
6.583061670881025229e-01
-4.344620764726367934e-01
-9.931773042684359787e-01
-8.212549133618638475e-01
-5.563453381733902692e-01
6.617418173608531351e-01
1.011200509415159932e-01
3.991550194541340080e-01
-2.928419751034505580e-02
1.134775051769254528e-01
-9.713815686084004142e-01
-3.066243330134774681e-01
-2.868849508669164550e-01
8.678357981380722119e-01
7.894478443307646476e-01
-8.988972162464223814e-01
-3.095351686073943842e-01
9.065650730281051839e-01
1.441259929020959341e-01
-4.909404570209963126e-02
-5.922585292572317694e-01
1.209950434623574544e-01
4.953372795923671745e-01
-5.631765185826014264e-01
7.334414248102127942e-02
-6.811757837609926369e-01
-4.517337276853181649e-01
-7.932995230585229152e-01
-3.768610987708473914e-01
7.016886983590937543e-01
-5.524256721209181986e-01
9.994115237393119688e-01
-9.792582972579630951e-01
-9.426414873639505920e-01
8.701033829211173298e-01
8.182741687281256393e-01
1.626670852313276683e-01
-1.390402466760753963e-01
3.025587109016925069e-01
-8.265435445708613216e-01
-2.402026990160455178e-02
5.487747444492110382e-01
4.696759800448073729e-01
-6.476749575781948209e-01
7.446235351251573320e-01
5.115929450309948390e-01
-1.600083121455326829e-01
-4.104790439630172649e-01
5.061551805092778800e-02
8.391050991406381332e-01
-5.266506632450203007e-01
1.790878732355614122e-01
6.669062937580227945e-02
-5.780764971865275381e-01
-9.974840602650154597e-01
4.279414683881950232e-01
-4.737488724569878240e-01
-9.341837049711534391e-01
5.573192406425495626e-01
-3.313052239493401441e-01
7.806647430874384952e-01
-4.395763717642435786e-01
-7.364900909415785790e-01
-3.652859790871594292e-01
6.293206846385768216e-01
7.978575172788215930e-02
6.131480107787765643e-01
-6.570645777102761542e-01
-2.246294902191261489e-01
1.262159630736094940e-01
7.855211887788593472e-01
3.975902866614089426e-01
1.379195198484770568e-01
-9.701524507529666330e-01
2.931489797129538388e-02
-9.814452113952043533e-03
9.915953287572500940e-01
-8.661428948305442965e-01
5.636758453553798454e-01
3.588671685983577664e-01
5.023321234039490601e-01
5.196480806457777213e-01
