-5.608559728330875238e-02
2.187356356986949191e-01
-1.187026094720295966e-01
3.473089584543362918e-01
5.327921494024101534e-02
-6.231427957962627495e-01
-6.935023577064034495e-01
8.385004172055769978e-01
6.627451933726766775e-01
-2.688697115054616837e-02
-9.811415331118540362e-01
-3.619293184802401253e-01
-5.979574362552595446e-01
-6.667674844489952513e-01
6.414891961059765446e-01
5.511844418255309463e-01
2.364377795198533416e-01
-2.251201643082307857e-01
5.238223901481107170e-01
6.417730171824942431e-02
7.811922704394105299e-01
-3.445987183131442588e-01
-5.645547904860714894e-03
-9.090566134087885164e-01
2.195783534588982011e-01
-1.921629628248253674e-01
-5.916180354367233107e-01
-5.859551225379215911e-01
-6.772613771664286464e-01
-7.908654832994173045e-01
2.784056229287636963e-01
4.156464575426233043e-01
3.267323341050287766e-03
7.084837042169838117e-01
2.297198558302560034e-01
1.544321276539908361e-01
1.530965242792861059e-01
-2.975307236428841318e-01
5.037219142292561624e-01
-2.463318962898533027e-01
9.621065017654824025e-01
7.813381674678403499e-01
6.243796086983561811e-01
2.858424009817019940e-01
-7.673278115254567044e-01
4.610184114396058686e-01
-4.488791400068619097e-01
-6.544071321610478442e-01
-1.043641245153725805e-01
6.953511492525032978e-02
7.867874525987070822e-01
4.239418426169703213e-01
-4.306078355459297402e-01
-1.763449225021158639e-01
8.862587832985935332e-01
6.042969709918932786e-02
6.150313868101529025e-01
-1.396231123693723042e-01
2.918339439952344350e-02
6.122973572563317202e-01
-9.943664638805433942e-01
-8.759850315243942198e-01
-9.260426729907322851e-01
-3.733946807440284843e-01
1.516318914667662554e-01
8.220544503866364927e-01
1.149695885049910604e-01
8.267586255429759667e-02
-2.442699792536746628e-01
1.859883679289628944e-01
-3.719755196742244863e-01
-8.683510746891618393e-01
-9.323205726645311664e-01
-4.005339717456508630e-01
2.512450835078476885e-01
2.881572172690398670e-01
-6.967934398732311685e-01
-4.343804309780470163e-01
-5.719231234092352345e-01
5.169719303322726223e-01
-5.191181939442690574e-01
-7.874708285949958420e-01
9.051358224199135272e-01
4.717981675558216015e-01
2.735020325079247083e-01
-5.520891596706101190e-01
1.579194436771091947e-01
-5.207808334108892101e-01
6.659107093189229332e-01
-4.557704651326233147e-01
-6.175286329389924056e-01
-1.573876911373974785e-01
6.400895029316868712e-01
-6.453041380846429309e-01
1.187113982267624657e-01
-3.245116393921976261e-01
-6.785300988966778135e-01
-7.654326492121739101e-01
8.308557148200281794e-01
3.895811923121585973e-01
-7.875729599491672062e-01
6.802910892586599978e-01
1.883594359947300401e-01
7.191444260207431327e-01
-7.250082448517971567e-01
9.274113762487332657e-01
4.446597889434862338e-01
7.785859549513305389e-01
9.562507416184937714e-01
-3.946232751483029766e-01
9.736921755673111356e-01
-9.554644389272817229e-01
-3.646469489410562037e-01
-2.693954216544340863e-01
7.965544078654789306e-01
-9.761568743134629855e-01
-5.215514930330684695e-01
-4.156464849697421027e-01
-1.841921813237490380e-01
-7.059438063664391638e-01
-8.384119398960294678e-01
-3.918594062881963769e-01
-7.393653004833129483e-01
3.036279317487926566e-01
-4.567011992620950700e-01
5.236827935219159347e-01
2.841166379380535290e-01
1.297707433580135294e-01
8.213238141652867697e-02
3.356798957425299879e-01
7.413826646131222997e-01
9.452367000920440798e-01
-2.541378140590722090e-01
-9.963580708299475397e-01
-9.401177107005773692e-01
-4.634529574007415498e-01
-8.941181341106898550e-01
-8.381209501564959030e-01
-2.315233050323235453e-01
6.473722480475916363e-01
1.060982609643976726e-01
-4.735476204766477792e-01
8.881080783179946536e-01
8.839830041756424617e-01
9.806202140881459250e-02
-1.436890528361125519e-01
3.148458864345029529e-01
-1.561786968762399752e-01
5.572512498474331277e-01
-7.540750899010773001e-01
-7.772856139131867348e-01
-9.861036084019940695e-01
6.640654444117140009e-01
1.447691024622193012e-01
8.016027373481291463e-01
2.486764093056657021e-01
-2.196606778695637807e-01
-3.377046994767733956e-01
5.367912193160486733e-01
-6.084899790088416083e-02
2.400310856079810318e-01
3.128398112295094347e-01
4.806656085768454822e-01
8.053612780957064565e-02
-7.356476968573009145e-01
3.925340605427691809e-01
-3.611632760905769679e-02
-4.441632685494210087e-01
-6.777436273843093772e-01
6.438854379232070713e-01
-2.199425358983231327e-02
1.288909118107195440e-03
3.779847162373202174e-01
-4.621728816350101354e-01
7.791319350947767397e-02
4.322116147543346720e-01
-6.481453847048332939e-01
-8.257506361497746195e-01
-2.960544643003735210e-01
-4.464889256908455284e-01
-7.665523949263697290e-01
-1.852746306057915238e-01
1.921142567812248458e-01
8.873593229098886148e-02
8.270723234417223235e-01
-8.599688875482240924e-01
-8.001225956562092456e-01
1.165019749801681215e-01
-6.811756939174806735e-01
4.816346951969030510e-01
4.803888875721713525e-01
4.783186559736856136e-01
-8.411280464873434060e-01
-1.603988478207669655e-01
-7.737323964126812115e-01
6.617728417635095894e-01
6.878508233470688182e-01
5.769142132846785120e-01
8.755232574565166015e-01
4.621774428520675215e-02
-7.264941159474664900e-01
4.727869794708472462e-02
-2.067914046651455617e-01
1.174123127307515890e-01
-8.841183919542481284e-01
6.416803918673963381e-01
-4.207513462558323258e-01
7.537077184261780083e-01
1.477684867751631881e-01
1.416552479238646356e-01
-6.442137147424156218e-01
6.226335274708629797e-01
6.192222252729973064e-01
9.925930197629342366e-01
4.216520501247140729e-01
-9.990428349499365090e-01
-7.936913954286441975e-01
4.184770822447403393e-01
3.405374746049656398e-01
-1.329012235417601495e-01
-8.306816591044303699e-01
-9.033461041425410176e-01
-4.945189074343645519e-01
-5.371160382681443579e-01
8.564968452342018868e-01
-7.421192767632056597e-01
5.492969649349823680e-01
5.856631985655214034e-01
9.432239906454791267e-01
-2.282860883574635569e-01
-1.225917353554071276e-01
-5.323478290065952745e-01
8.714269802341878535e-01
-7.000591458087757069e-02
7.888023907966634773e-01
-8.006528785150128780e-01
-9.729313396806227310e-01
4.597219351637593654e-02
9.177302612350761724e-01
7.333520326442948267e-01
-6.311804228648094650e-01
-1.795607638857246169e-01
-7.498521068442762783e-01
1.418197059559753725e-01
9.740601290855757100e-01
6.483840164296552633e-01
-3.818964340304882299e-01
-2.798195351221099969e-02
1.958412710249524125e-01
6.471415438905636641e-01
9.085826157613179355e-01
-9.000776538226060719e-01
-7.777219177821297347e-01
6.166683429702144448e-01
7.744135451863667363e-01
1.055563533795864650e-01
4.557737882345316294e-01
4.549590645521659482e-01
-4.230045112307623256e-02
-3.081537066352226795e-01
-9.107897425179456441e-01
-2.277412418049558074e-01
-2.564103797063876922e-01
3.262023733155938743e-01
5.241596258776404227e-02
