5.758910444068279233e-01
-1.882521249426831744e-01
-1.573639320375908257e+00
-2.398558904254175506e-01
7.998683428787680683e-01
9.205301416201798759e-01
-8.544448104369131158e-01
-2.856718478804871619e-01
-1.168337875032310347e+00
6.813910271737966262e-01
4.373156160436841855e-01
6.341962924730313311e-01
1.121919571438474428e-01
-7.417218538063912181e-01
5.606515300261529777e-01
1.404040564171404881e-02
-8.611726410429940692e-01
-1.521575700758265870e-01
3.313869196240466081e-02
3.684023628455292965e-01
-8.933055445958619778e-01
1.020884100835377506e-01
-4.977233180786116984e-01
6.959330175474702784e-01
4.346615326719804884e-01
6.177292143466570629e-01
6.188992951395058117e-01
5.899997250464563692e-01
2.764092265024758799e+00
-3.030849844456473541e-02
-6.384033282091992056e-01
2.812655869787503704e-01
-5.713237161565691835e-01
3.647519751130339216e-01
-1.211798261093715023e-01
-7.572328393011851233e-02
-2.404675444148096641e-01
-1.260307479281901788e+00
4.837003626021477154e-01
5.081398381458557267e-02
4.977563013465873265e-01
5.698964780504198746e-01
7.169939656531703065e-01
-4.240479072299538910e-01
-3.243660157537056055e-01
-1.263756208590136598e-01
6.355345281206685737e-01
6.695263427486148888e-01
1.027416258081079281e+00
-6.670691139990940766e-01
2.364677724645608548e-01
-8.128849070163415291e-01
5.500224353630676077e-01
1.103266515672842951e+00
-7.393949403529220810e-01
7.710071677559610093e-01
-1.976695578363325545e-01
-8.822400445881972697e-01
-1.185347011963724162e+00
-2.956772608543856151e-01
8.069015735304267967e-01
-4.497906051598088428e-01
-6.770133094548527186e-01
-1.527890772500483996e+00
-8.637441119150515156e-01
7.362317761853629516e-01
-1.184935895605703005e+00
8.896438038402283421e-01
4.457401729015060265e-01
7.569471103481109076e-01
9.044447891710531984e-01
-7.714447797584726985e-01
-9.705821079050157563e-01
9.155425275356965376e-01
3.462414352845502030e-01
1.242588388477233519e+00
-9.960204692051566333e-02
-4.827635842400073152e-01
-5.834009668816466654e-01
4.859899248095607138e-01
-1.035963617186084651e+00
3.025015236553281195e-01
3.329821676067612479e-01
1.276878879934586486e-01
-8.161202949773826987e-01
-1.663205218619563830e+00
3.056705932185703745e-01
-2.844306539999066352e-01
-5.312118069797633346e-01
-2.191832820760477030e-01
-9.671242603613050548e-01
-8.422845655034498780e-01
-7.258225404359659461e-01
1.661077024940806890e-01
-3.968895338150932872e-01
-2.623765729946855085e+00
-3.968049803955016053e-01
3.906838067601989817e-01
1.768179599945718383e-01
2.902481405464341080e-01
9.848679391231121016e-01
1.296315411587079858e+00
6.094749836505624074e-01
6.710775725057360752e-01
-3.769026918426263695e-01
-2.722223115234994051e-01
6.505019697422074199e-01
9.929685614687810968e-01
-4.324811879903651679e-01
-9.605358645257993100e-01
-2.546159595096275652e-01
-8.487304110393198986e-01
5.633117942303847991e-01
-4.338743603021673612e-01
7.182147916105403596e-01
4.899577333926170564e-01
-2.917021220658670977e+00
-7.736733733878995434e-01
5.331228625805366494e-01
3.281805098301675550e-01
4.239679867981629435e-01
5.220313044535340730e-01
5.870887682056862289e-01
-8.524398435640576643e-01
9.336887550617791742e-01
-2.945242662378673160e-01
3.744634462507023809e-01
1.763546329881158226e-01
2.954512981671610916e-01
5.870489090917163644e-01
-6.736698793613593583e-01
8.434106420227147627e-01
3.608581515742754764e-01
-3.101551643500994881e-01
-1.987916152532264447e-01
-5.800619434440867916e-01
5.544158861970500674e-01
-1.429206252635327079e+00
8.721980699788450808e-01
-3.896067115110779522e-01
3.923239103376250370e-01
-5.129672417987443112e-01
2.258682063949948304e-01
3.495722072509377387e-01
5.723925851885767191e-01
5.674693989790693394e-01
1.735278183195392288e-01
5.218055177978080383e-01
1.561209945567374469e-01
8.398389541357924593e-01
-6.683419156962020491e-01
-3.399150249403730673e-01
-1.877084547971715200e-01
-9.708197903219162317e-01
4.376559639242605382e-01
1.317083173369975047e-01
-3.877133449135663490e-01
-6.663929982077179126e-01
2.316705174758048047e-01
1.011141658044583780e+00
-6.617983980290262913e-01
5.081671801051568238e-01
-6.830991611884740244e-01
-8.251609411662172988e-01
-1.658152962415591070e-01
4.423799327657171876e-01
-7.471395108364737858e-01
1.501507922768798853e-01
-1.798757942350934114e+00
4.851863196108545662e-01
1.795592230554750035e-01
5.878482985284050333e-01
-1.091957075082971684e+00
6.503406136168199403e-01
-1.236170995969296804e-01
-7.758353370881552191e-01
1.849948442299744755e-01
7.991637691035073932e-01
4.097176464830363241e-01
2.764307648827670771e-01
-6.624588887435303164e-01
1.997455261591509768e-01
-3.262047901156190921e-01
-2.466699124131197518e-01
7.217443865134576253e-01
-4.246577010616969794e-02
3.279705487862116797e-01
1.167232014368901477e-01
1.295915543921304369e-01
2.714632975031017192e-01
-1.853728254499387162e-02
-1.978571246740876699e-01
1.465145399735490184e-01
5.399625659219577933e-01
7.139268962704272692e-01
4.343304356297505997e-02
3.106121366205760737e-01
2.651143168167721109e-01
3.851211622972461335e-02
2.063432139745825511e-01
-1.244078167966918169e+00
-9.199983185521192208e-01
7.120955720626356289e-01
8.837749999923374400e-01
5.885087545921792174e-01
-6.621717541607081703e-01
-5.862703213977580319e-01
-1.506339424731413801e-01
-9.579177721730918194e-01
9.729503489824806728e-01
-9.311323247855411989e-01
2.506675989760474010e-01
2.783258055790825303e+00
-5.287514137527402625e-01
1.006826821693933782e+00
4.150775848169121485e-01
-1.063331162045764167e-01
-5.272608615064304782e-01
5.702594795490267821e-01
6.944309396220802455e-01
-9.139698599604684226e-01
3.538928732699935242e-01
2.504164427622987965e-01
-1.774509827044122190e+00
6.090973016879495106e-01
1.545627147400827628e-01
-7.732042559290359662e-01
5.726521454732227401e-01
-3.802262648910045284e-01
-7.719673470417414141e-01
-3.897897445055682475e-01
6.792923855620700557e-01
3.773900753718528733e-04
8.258902417816091912e-01
2.844052821190999336e-01
-6.593416712887469888e-01
-3.494543696204528427e-01
8.761526406473993944e-01
4.426543804688201078e-01
5.916489358578118640e-01
-7.935756346183688859e-01
-5.408781157613595791e-02
-6.099032144424079149e-01
1.322970634064683404e+00
7.534980313558776732e-01
-8.742426317116374079e-01
9.796097529734617559e-01
5.613695596065579885e-01
5.342423483584135546e-02
5.323015347123780661e-01
1.346308418073800528e+00
-8.461471753728646572e-01
3.411794675998198745e-01
8.171673143622006918e-01
-1.111443355124866361e+00
-1.706801705077884979e+00
9.059880784666585196e-01
-1.633590218708167452e-01
5.918211648150324411e-01
-4.236458366034814293e-01
-5.005688905072138706e-01
-7.121467958527190056e-01
1.293190626128958520e+00
7.511299769563624107e-01
-2.643265575160878011e-01
