7.134873137548476407e-01
-1.534309848706892243e+00
-2.557666107578986825e+00
-2.896737479137367899e-01
-7.813380290058629107e-01
-5.916892739429353565e-01
5.273412914505823945e-01
3.070951877058554214e-01
-1.004182976307620212e+00
7.022802220568160614e-01
-3.222911872336339800e-01
-1.863797699210831826e-01
-2.800978090288306355e-01
1.959056689453402500e+00
-5.380609665767392968e-01
5.329150521713665878e-01
-5.518465604251994172e-01
-1.409050289095025832e+00
7.905142443134671737e-03
-2.817270256423376473e-01
1.902248584213410698e-01
4.701775073253720016e-01
1.722279881519130917e-01
-1.633732742449576669e+00
1.767690721694183731e+00
-3.921110684594908413e-02
9.808607106813223009e-01
9.395886118688476785e-01
7.935798873854071900e-01
3.272349440113246910e-01
-4.502547310637687317e-01
3.536295737695369645e-01
-9.169056956359862287e-01
4.683926867772195135e-02
-1.891176842163620364e+00
-5.818788019361686992e-02
3.001956958350582294e-01
5.948465094504369333e-01
-2.123806812118973486e-01
-2.343482632717743819e-01
6.843712691218628574e-01
-2.485459268578062431e-01
-1.732369538303890621e-02
-4.134160808646725194e-01
6.544356417780863300e-01
-5.495527011229583980e-01
-3.810837733300269647e-01
9.903659277238503478e-01
8.719909027130072765e-01
4.600313937428905930e-01
7.638981144036471882e-01
2.429603025213142864e+00
-4.585957462964491138e-01
-3.313705956355864624e-01
2.906273480018712885e-01
-1.377061748828224186e+00
-4.707393499279188820e-01
-9.537471224087386013e-01
3.722256931083738341e-01
5.558945225326792361e-01
-9.493612720937818494e-01
-2.579219284567246806e-01
2.363306663144038033e-01
-4.249037839696844232e-01
1.971202694637482322e+00
-2.805393067034911425e-01
-7.901813771346124504e-01
9.864489296782230632e-01
2.880108225143294121e-01
9.571700826331572820e-01
-3.889561521023710000e-02
2.900340964373901986e+00
-7.211195052947956263e-01
2.862107050609434822e-01
-4.645997564940249624e-01
-8.882093567636508702e-01
-9.033604329506537134e-01
9.913445373135063576e-01
-8.323208604345064821e-01
-3.617933251588532073e-01
-7.427043144580181000e-01
-4.320848366923999428e-01
8.406926659879701003e-01
-8.101942202939449444e-02
3.442066713499485342e-01
-2.833263071306673098e-01
3.814488408941649755e-01
8.147183567952214212e-01
2.551146522588543242e+00
7.600136134930851606e-01
4.295672963515642095e-01
3.981494226868431685e-01
-1.517192188811356424e+00
-3.301063575609399781e-01
3.633801566517915749e-01
1.277104313517735568e+00
-7.965400350442766175e-01
-1.176708756198059369e-01
-2.983189849777477587e+00
-3.011798215587507599e+00
8.134403825464082693e-01
-1.219316003144610416e-01
1.749784188526905648e+00
-1.148022460452813531e+00
-4.834718812226068696e-01
1.357316020899988818e+00
6.160048991564304188e-01
4.447127655068837671e-01
-7.747685677038671503e-01
-8.917746149093828123e-01
9.767581964559453045e-01
2.103597976253626101e-01
7.285230776855433632e-02
-2.001756261776453272e+00
3.973602739669649386e-01
7.755839451362868120e-01
5.565761337264989450e-01
-7.876685604194055834e-01
-5.077820104300292403e-01
4.162780353370363340e-01
-6.896096393213573261e-01
-1.632612850580736685e+00
-2.095442215719731660e-01
-1.294468677242814447e+00
-3.804180829348058346e-01
-1.758050788323501257e+00
5.346097180167732610e-01
-2.564606676947023267e-01
4.319163882311840563e-01
-1.512355914355725695e+00
-2.489853837998290409e-02
1.923820176500341539e-01
5.039044708567783637e-01
-1.773148908901956977e-01
-8.239384420977036161e-01
-4.270438132752665261e-01
1.082430898595038715e-01
-8.506304185542172824e-01
2.589827305847816064e-01
1.851192329841299999e+00
-6.020075272903959718e-01
-1.246649309229313385e+00
8.396857676102924550e-01
4.105894005684793679e-01
8.030706848655335683e-01
2.361317754813769376e+00
8.681029872061414299e-01
-2.091245653805131610e+00
-2.882102530850853661e+00
-4.308248973324755315e-01
-2.071860456505969506e-01
5.097473612693697032e-01
2.318233590981282788e+00
-3.136687477295376780e-01
-3.667792349355493808e+00
-3.453040552034569721e-02
4.626745063332030616e-01
1.917004476416177328e+00
7.276968523617557416e-01
5.608624863586155751e-01
9.076774188110243724e-01
-1.307040026897461127e+00
2.100693217992146700e+00
-8.820747749008734928e-01
6.999722662632659187e-01
5.518211186882461261e-01
-5.519483217100584760e-01
-5.666921380435196998e-01
2.964286322015726172e-01
-1.050940196262507426e-01
8.889377164206520021e-01
-3.892964376481919953e-01
-6.803433559728180313e-01
3.595156387067949821e-01
-8.176359595564730576e-01
-8.287325793734567903e-01
-7.084322854394717872e-01
-1.314886306733897836e-01
-1.114763006822725000e+00
7.286110386473299005e-01
1.717383950315987784e+00
1.866461250204762834e-01
2.942711666488999622e+00
2.031374287232508014e-01
-6.927493948220275755e-02
-2.206193269806651092e+00
1.954325713706338785e+00
-7.233289001463152346e-01
-1.868319769708872924e+00
7.814571677971837715e-01
2.031294024248966323e-01
4.146217567834447060e-01
-8.139822859370895447e-01
-4.996701153740989998e-02
4.568276490273315282e-02
-8.724538208476528833e-01
9.574443835444947926e-01
-4.959092334348842446e-01
1.296875112071577352e+00
4.891921386478864653e-01
1.370138165614534165e+00
-6.755207964436915624e-01
-1.867711380082734074e+00
3.030963279662892695e-01
-2.450846361002435303e-01
-2.613001997014953837e+00
-2.167647188847121598e-01
1.836284827396286623e+00
-3.631968406696413076e-01
-5.044562129864673672e-01
-8.039188737371678606e-01
2.063456484476877684e+00
2.144465695599695465e+00
8.828145701602092554e-01
1.692976745510900827e+00
-5.721191374789067474e-01
2.993561193781822394e-01
4.146138723766386036e-01
-4.750080480911400560e-01
4.601780298541290337e-01
-5.153850597175442250e-01
3.630969998392223896e-01
-1.644621812982833831e-01
1.149577890931073654e+00
-5.907635336363763479e-01
-6.990060086927718519e-01
-1.922109839849034385e-01
-5.351212778553351423e-01
3.754761251400722255e-01
-1.164160289181941366e-01
3.721237476337969863e+00
1.404008762325131165e+00
1.704616104254592202e+00
-9.835601076778377472e-01
7.935717856053734476e-01
-2.920629538380009049e-01
-1.245696010479945492e+00
-2.715522104289807004e-01
1.357398995187281132e+00
1.663648238185881922e+00
-7.876124241665496406e-01
7.782570294139797840e-01
-1.115552414552551053e+00
-8.134176355144108195e-01
1.863301335919917978e+00
-2.764252790895775913e-01
8.674549457599058933e-01
3.914332470626347149e-01
1.587542951591767171e-01
1.873246534236741700e+00
-6.077803414022930895e-01
-3.120403083138545419e-01
6.244313971718251643e-01
8.993312868163372276e-01
-8.020352857976471572e-01
9.787734797602496428e-01
4.462057575590437253e+00
-4.895336198596271782e-01
1.946689174630311214e+00
-1.835389886044981544e+00
5.084973566928366884e-01
3.632988666455094773e-02
4.426981937264540257e-01
-7.321465829948969883e-02
8.514670351274272742e-02
