7.632542121569902971e-01
-6.312788638699839971e-02
4.909081148562908226e-01
-4.836473480372300848e-01
-2.062417202941221106e+00
1.959787656679222945e+00
-9.068997834655900814e-01
8.749609190193675667e-01
-1.486130155060389590e+00
-3.043200270098015192e+00
-8.355421422142008669e-01
-1.832743270596268292e+00
-2.761092822643611555e-01
1.977540159239472350e+00
1.162908497617565651e+00
-1.447042846078339107e-01
-1.907933808526325548e+00
1.011589147793205523e+00
6.406726207389782379e-01
-5.051989800540764852e-01
-4.902772872847901420e-01
8.568783726500339704e-01
-1.744264240097503027e+00
1.351299570171450970e+00
9.411696340499589031e-01
6.109276582724934013e-01
-5.392292211727720552e-01
1.957267624524900995e-01
-6.069913092061953730e-01
-2.839023655939137969e-01
-6.765887517126178974e-02
4.588633291747079568e-01
-2.678271620672792452e-01
-1.398559243398157070e+00
8.569062480994187325e-01
2.295888492411378934e+00
1.513467539086210678e-03
1.455767619666103574e+00
8.294519387578316305e-01
8.126401678426281583e-02
-4.967407895206474855e-01
-1.847988198234946866e+00
1.952985851159534825e+00
1.070766749532581441e+00
3.863359100566201576e-01
-4.140632807742170129e+00
-9.428850015308097854e-01
-9.014188224152542839e-01
2.572787360258850242e-01
-1.073773902539341352e+00
-9.435460430284718925e-01
-1.569044105935349709e+00
1.972112169024676342e+00
2.675276008908489267e+00
-2.370170718238125751e+00
-2.206197083593022690e+00
-9.337084526081192160e-02
-6.468000684271774103e-02
-1.617529928295105002e+00
-1.792687848790034177e+00
-7.948935604590756654e-01
8.612750876871450023e-01
1.167844309869671804e+00
2.096151891235502607e+00
-2.197660960694304000e-01
-2.465768788171485593e+00
1.102026116626233287e+00
-7.522078859467697942e-01
-1.901496132826012264e+00
6.690322433273165892e-01
1.038907585520352783e-01
1.396217648660910582e+00
3.517577027502572840e+00
-1.608479214149773240e+00
9.145744851960333488e-01
-5.448374224696097556e-01
-1.480176895525082692e-01
2.928749397050853354e+00
-2.372293976386574244e+00
-6.147659531321798543e-01
-3.634890484876942107e+00
-5.377794822393004992e-01
2.481337933724587774e-01
-6.579598028777846608e-01
-8.326160287727499831e-01
-2.936018915324198009e+00
-8.097962910194358432e-01
2.006244942406183895e+00
6.978352126007684175e-01
3.781018623854142557e+00
-3.212914940466197189e-01
-1.745487723227872046e+00
4.391115535769324341e-01
2.759952766734528051e-01
-8.209115477881314682e-01
2.544560915535768686e+00
-9.486406523671750968e-01
3.557579300629248209e+00
-4.825601726263468172e-01
-3.197785110328892344e-01
-7.482501937270853443e-01
-7.380936443225728505e-01
1.402879286339760778e+00
-1.067588163738926177e+00
-2.666242806227447915e-02
2.021420348529731736e+00
-1.138145480860114356e-01
3.629901066934837495e-01
3.126831542213598158e+00
-1.697111356759233525e+00
-6.280942092566244028e-02
3.840461486402220181e-01
-4.219288562138871490e-01
1.111527391518688290e+00
1.568655586882409692e+00
2.214912186553959828e+00
2.638890026910786002e+00
-5.833128054696872233e-01
-1.984640043591341829e+00
-1.588058132937278710e+00
2.852676000147160718e-01
2.975935143367057112e+00
-1.715769399360664638e+00
1.255577731225602012e+00
1.176163857862940976e+00
2.117095055230390765e-01
-1.689827744903181550e+00
-1.135255504240846314e+00
4.696335332351532443e+00
-1.489157933745963280e+00
-1.870157639303619224e+00
-4.761114641452004470e-01
-2.260035492370045529e-01
-1.806184390772377135e+00
-5.615603934640407413e-01
-6.887184862852471778e-02
-1.326745557676045628e+00
-5.949248411459533425e-01
1.378810090034414682e+00
7.799213842433225796e-01
1.086973548864852424e+00
-2.462832277329300990e+00
-3.178535662439386567e+00
-5.206277169095852031e-02
-3.180079970159139791e+00
-1.984071664641028576e+00
-2.645175414999036412e-01
-4.498769058240600915e-01
9.259366294566750977e-01
-1.089943321289088551e+00
1.755210545415136991e+00
-2.162925249173529352e+00
-1.378683930135982116e+00
1.496963493679333901e+00
2.750241563183530857e-02
3.062032766803429507e+00
-1.566812329463066256e+00
-1.381500586796872376e+00
-1.267188884620099043e-01
-1.897413492723776685e+00
8.494037376919553184e-01
-1.045474153093467251e+00
1.247773050292628305e+00
-6.893594998270113905e-01
2.635441747912115606e-01
-1.779046403592838388e+00
-1.483174595844794386e+00
1.005871451399008576e+00
-9.669803341574261246e-01
-1.727946729583426766e+00
9.315559272035516258e-01
2.252472711371808600e+00
-2.377171746413244691e+00
-1.099645722623562083e+00
5.465406641906047636e-01
3.905206892831247778e-01
-1.504998730894991699e+00
1.902756157255653946e+00
-1.858081476240744490e+00
-3.223796508309213493e-01
3.836487227435844694e-01
1.675119629674384214e+00
-1.396368241346134242e-01
4.436271877875503922e-01
8.095808762265999103e-01
-1.504976559104454603e+00
1.290946766264132961e+00
5.230373943403687775e-02
-1.942065507866516327e+00
-5.733539777766016865e-01
6.915966663890162902e-01
-6.931418788171008760e-01
-1.669561411254996131e+00
1.663745139959587283e+00
-1.696627273154150517e+00
-2.909549967246123803e+00
2.094140625266451394e+00
2.738168726458082292e-01
-1.446939100469500916e+00
2.082396921318011018e-01
9.601447338899425921e-01
-4.937822415309587321e-01
-2.362003211194054764e+00
-1.187047117710720245e+00
9.509001057074222274e-01
-1.410614058402696047e+00
-9.811385321483463429e-01
7.478250133823927115e-01
1.150518548883869840e-01
-4.140133442648687989e-01
-3.375385833470184060e+00
8.341396357086487967e-01
-1.767465607431093932e+00
4.813026952835258498e+00
2.451121316272226736e+00
-1.831784290837798812e+00
-6.631868150640394255e-01
-2.090648737683251657e-01
-2.041829492873414864e-02
-6.846402913849880534e-02
-7.352902135966226105e-01
-3.484044635219976982e+00
7.188877400537285745e-01
1.049063324425924648e+00
9.489378625600732864e-01
-1.050432897113255937e+00
-7.689640871533580668e-01
1.328927791584237239e+00
-1.720693383889980943e+00
-2.568097815895598046e-01
-2.345716558068317248e+00
1.068617068895172384e-01
6.889705200466704760e-01
-4.621227368710000838e-01
9.220439690088273466e-01
-2.785300795807306162e-01
7.693231461639944424e-01
2.278360822026452404e+00
-7.184563884073746909e-01
7.510106609216378182e-01
-3.543976087167391320e+00
2.543331943458262856e+00
1.337962866188681765e+00
-6.679623142720040319e-01
-1.086275023114098959e+00
-1.339251330368651516e+00
-2.579059407189888464e+00
-1.939353129336969905e+00
2.151273376022666106e+00
4.863368331333517425e-01
-2.599870614613185360e+00
-6.094037496980337920e-01
2.909094673461754876e+00
-3.372586341438773561e-01
1.081714197821038947e+00
-1.538642549668286730e+00
-4.135067480846628118e-01
-1.058328439662294063e+00
3.346106098564222808e+00
8.697498176073399367e-01
1.244465200421553064e+00
6.552559349731941207e-01
-4.041136620707820093e+00
2.949397718624100495e+00
5.685571452237525580e-02
