-7.934779707663763837e-01
2.464063839151420243e-02
8.770555061727031143e-01
3.595552663308931862e-01
7.984392264151152219e-01
4.467541941569284081e-01
-5.232965559942837075e-02
1.527668362633743948e-01
-8.306302175850892588e-01
-2.088531530194033259e+00
3.080337068579841464e-02
-6.898989923824336845e-01
5.796151144296373126e-01
3.256749899327057718e-01
9.893594502922131717e-01
1.471401948725881148e-02
9.536743549396466957e-01
1.629019439472603636e+00
1.307748871111273470e+00
-1.115705718619023346e+00
-1.915488952214026819e+00
1.348100561354552696e+00
5.277829552406911873e-01
-1.748949449086566466e-01
1.677760805358085694e+00
4.181699096298310270e-01
-8.808840393446482064e-01
-3.013166151973852847e-01
1.225293057634891269e+00
8.328712580890873518e-01
-1.463892405790829243e-01
1.210064403261257304e+00
2.977290543235020515e-01
-4.464582903250358115e-02
3.251541900155994202e-01
2.900361223095027086e-01
1.692999185859138667e+00
2.279361166995292898e+00
3.808463512589146394e-01
-4.203053261664938534e-01
-1.091640704406346973e-01
-8.019706371145227664e-01
1.378641603139107552e+00
-8.549980789942041026e-02
-4.505359452521098262e-01
-4.059697616188446823e-01
-8.449978689964428025e-01
1.317470879787411508e+00
-1.534167637076269575e+00
-6.278912248755301739e-01
5.170544359907236487e-01
-1.791945529263581083e-01
9.787613743278196221e-01
-4.909558861512857142e-01
-1.526463947205892069e+00
2.678474828455614798e-01
-2.870218762620192487e-01
-3.377051226771312642e-01
-4.237357345699319655e-01
-2.636167618985248762e+00
-1.667063810904725329e-01
1.402505166891598876e+00
3.316547031586827288e-01
-1.478224784826479565e-01
5.676298243208783845e-01
-2.210097640981932621e+00
-1.721713189520827081e+00
5.604775547986595718e-02
-6.589621510827334827e-01
-1.356011566937154855e+00
4.413096129028575287e-01
-9.417778970886510059e-01
1.798431137251430334e+00
4.696387344894050742e-01
5.272509088516212916e-01
8.976107969964777222e-01
-1.110627181304893463e-01
9.762519163366301100e-02
-2.705985321961423828e-01
-2.441479762262790842e+00
-3.052201870800729244e-01
6.507002883686716643e-01
2.353468416903240268e+00
-2.617393693172140878e-01
-4.813147680824838570e-01
-8.455644274818485684e-01
-6.106724986837275271e-01
-8.655427781090165862e-01
3.695113277761783444e-01
1.081093484433279572e+00
-4.432092532814568830e-01
-1.392034931637002870e+00
9.728867436672021807e-01
2.154865648342922380e-01
1.152850922542639100e+00
-7.200284459613079946e-01
1.001182187423133252e+00
2.040583488142309054e+00
3.880274260341245451e-01
1.473954109846196348e+00
-7.976914888920776381e-01
1.359542939153572272e+00
-1.032419287062940061e+00
-7.934740841735361538e-01
1.288234181181518556e+00
-1.715765466013898788e+00
-1.981530834381264317e-01
-8.621130159017331707e-03
-5.643402659665930354e-01
1.405810024703261663e+00
1.433853003955521732e+00
-3.458371734579603896e-01
-4.259791535936769957e-01
-1.385988098220073961e-01
-2.599298925159537754e-01
-5.380724430790124746e-01
-1.268565282839170028e+00
-5.993367683000653257e-01
3.403982397356304812e+00
1.904418037292014088e+00
3.844538119611002891e-01
2.585769397081794096e+00
-7.534539755331867150e-01
1.380903814303727772e-01
6.039683591783444605e-01
-2.458237834055787108e+00
-4.752196652048745751e-01
3.996101286436157807e-01
-1.870744650489081229e-01
8.928165176767286493e-01
1.215761757834961931e-01
-2.625984585590890874e-01
1.423309290848950637e+00
5.130013810692954923e-01
2.240986796676565085e-01
2.590504697796935929e+00
-5.832195673320219598e-01
-2.460686662378005707e+00
-2.444987022547215894e-01
2.248510642416934324e-01
7.659243940978861520e-01
-2.129548910166029430e+00
6.388376793403740539e-01
-1.612046657497984148e+00
-2.994851375354212752e-01
-1.635463317444117770e+00
-2.053637614361065733e-01
1.527227306760899683e+00
-1.875512544591906305e-01
-1.161519500980532138e+00
-3.764880834126044240e-03
-2.198022955525426703e+00
-1.883779406226034348e-01
1.596050850072681104e-01
1.174060677434763722e+00
-1.519913235687922581e+00
4.840163055326391350e-01
-9.927934853543556315e-01
-7.316486978878655734e-01
-1.035540732435911604e+00
3.637800460495088650e-02
9.218419377425957073e-01
-1.149695604780883507e+00
-4.896145226588323462e-02
2.105742816716604793e-02
-6.118861080800248597e-01
9.242264405213447276e-01
-3.010668649248492201e+00
-8.612172348627278318e-01
4.925693859934083818e-01
6.593330269775543595e-03
1.600015403645194123e+00
4.086908613681428104e-01
-9.285481850890355826e-01
-2.899127392365846712e-01
-6.272225121710897078e-01
-5.227203061099527925e-01
7.035934518886683975e-01
-2.506832993234953122e-01
4.495964957214098057e-01
-1.335842447959647128e+00
-7.449945335138070668e-01
-1.376491691185562471e+00
-7.677054106475522666e-01
-1.755823755918621609e+00
1.032810013569608998e+00
6.452223377369989965e-01
-9.773102053104409936e-01
-1.246183852429082473e+00
5.708830916212384032e-01
-7.431845319190937271e-01
5.634581202564437064e-03
4.750482738845325237e-01
-1.851272540203722672e+00
-2.657212735332734166e+00
-1.266071792199440660e+00
1.060544001853049867e+00
-4.619089847771946644e-01
-1.038983279993896391e-01
-8.192861724988101946e-01
7.365518009380616071e-01
1.434753647235660345e-01
-8.919949588697031473e-01
9.285690517470641669e-01
5.780696139782328657e-01
3.396736801265443084e-01
-7.884936737363050785e-01
9.792175094548636327e-01
-1.939904637919844799e-01
9.476800128246812838e-01
-1.311733394503493466e+00
5.094821298828267064e-01
4.964701896665351111e-01
1.721881218993267293e+00
2.232358600802926585e+00
-1.141880344880820131e+00
-7.446900486984622258e-01
1.160776517475341496e-01
8.342051665036687158e-01
1.854173373448899653e+00
-5.130612784078767419e-01
3.156045155075015707e-01
6.598712104974620019e-01
3.798980211380220684e-01
2.041338310080301532e+00
-2.747141241761602792e+00
-7.029701019392877726e-01
2.574690517809886670e-01
9.448089002952793081e-01
-8.628996243913467090e-02
5.968997921147380925e-01
-2.208158069639818422e+00
-4.145207654885798010e-01
5.933927453268756924e-01
-4.865239095644603440e-01
2.806684711264220144e-01
7.229521404358327796e-01
-9.417940615070131694e-01
2.484289376132768346e-01
3.597184904200154243e+00
9.519909473978727110e-02
8.134789957898138635e-01
1.313299500633673622e+00
5.054462797060004231e-01
2.095124863221129896e+00
-2.764111901094628010e-01
-8.425425373686856734e-01
5.965111889512075827e-02
-9.849691742944872708e-01
-2.846248397162133847e-01
3.160291767851077793e-01
-2.286060694577496832e+00
-5.699963138066898027e-01
2.974873441612893021e-01
2.023856882679335722e-01
1.507777273715092070e+00
3.402078549931762286e+00
7.376691481850274901e-01
7.221371156668168201e-01
3.715664478921669289e+00
-9.377366474414181585e-01
1.953226387138423670e+00
-3.243358672589922165e-01
3.427464929124501847e-01
-5.467359887112825945e-01
