-3.516103859830805867e-01
-1.397349453005789943e+00
-5.013895308739548806e-01
-1.990398351007147904e+00
-6.855484172163006651e-01
8.375447172009036212e-01
-7.330031138565167304e-01
3.078035399188100207e+00
-5.379726639745089356e-01
-1.400829839690033607e+00
-9.707623733919510389e-01
9.420604891779291723e-01
-6.429006460290243030e-01
-5.662990594543335643e-01
-3.314299474414129643e-01
7.322637725448548629e-01
-1.773201028936484569e+00
6.490198886858467020e-01
-3.908539918560135495e-01
-7.675465550027682493e-01
-1.939709645236458835e+00
-5.902367044260869999e-01
3.361310728757358479e+00
1.659577968490580258e+00
-7.689002100653767879e-01
-1.584146692008651991e+00
8.649278088003641285e-01
-8.999869550811505636e-01
6.979092728022129322e-01
-1.373558104911422495e+00
-2.702718187030974217e+00
9.676228260543080495e-01
2.351189318586167420e+00
-3.931746007109605534e-01
-5.746081034119807640e-01
-3.129289847684614267e-01
1.199179578888204922e+00
1.846208191149262934e+00
1.926587786512256040e-01
-7.395400236781948244e-01
8.983389000738977170e-01
-1.351103190929674458e-01
4.358400629819940697e-01
-4.989540448332992484e-01
-1.253105127231622928e-01
-6.438394908550448825e-02
4.173220825369894360e-02
-1.535990215270992998e+00
4.521156030975803652e-01
-1.883605523820284233e+00
3.131840032401300711e-02
-2.739308514604403832e+00
-8.654468138874367167e-01
-1.292470895943915732e+00
2.611577861796366751e+00
-1.765434681614562518e+00
-1.053425248432778849e+00
-1.268265553808198831e+00
3.117389143035564913e-01
-1.867736040274333043e+00
1.046162116934478359e+00
9.607207346935120462e-01
1.657681553276022512e-01
2.985791624637974540e-01
-1.649523906000616158e-01
-4.462201006896653332e-01
1.228617265814330728e-01
9.350225804793996787e-01
-1.188852610337471916e-01
-1.097428327591778885e+00
-1.753684863085758661e+00
-2.337176291360882452e+00
3.406145639110042533e-01
3.956352451814344473e-01
-3.289251195077464995e-01
6.781911207941160313e-02
8.956638817661906060e-01
-5.754591801653302641e-01
3.959167340282323533e-01
-1.441561621864048792e+00
1.196582643311768113e+00
8.223348583303700110e-01
1.469104492564709874e+00
-1.624828682353479659e-01
-7.383188048450942675e-01
1.527431634627143042e+00
-4.857833908530979072e-01
7.783204018767657661e-01
2.424205400880072858e-01
-2.481321630441731596e+00
2.131541530012090568e+00
-2.314645643299331201e-01
-5.957374334200675747e-01
-2.161237474136560088e+00
2.165646686325751524e+00
-2.455360118235516254e+00
8.775761449187633456e-01
5.279572461263677408e-01
-3.792627415477551889e-01
2.679296884359260833e+00
8.798651266125804282e-01
-2.151154097535834531e-02
9.585802493716932826e-01
-2.095453243810956323e-01
-4.872860671758781903e-01
-1.126754642527967865e-01
-1.223781924969393531e+00
1.631811687530685839e+00
5.252155584057692783e-01
6.928313858905554845e-01
4.791153316986300759e-01
-1.417258657926085519e+00
8.448396876007908674e-01
2.838715812707675035e-01
-9.076933138872026463e-01
2.442393875095797640e+00
6.752266265355799657e-03
-5.674855672429339748e-01
6.493324835845613041e-01
1.279746677385950049e+00
-8.437261629348660197e-01
-7.123475771933358569e-01
-3.612385965079256689e-02
5.493230868096501407e-01
1.767211350179302531e+00
8.862690449451583463e-01
9.661687560235185934e-01
-2.253758514857279849e+00
-2.066528702261822836e+00
4.351298556752969393e-01
-1.682976755983002004e+00
3.041130127167861463e-01
-9.423049750576628636e-01
-9.733249936799648339e-01
-1.037254612524786790e+00
-5.477343574425035388e-01
8.286005573112593670e-01
-8.284695759739564291e-01
3.949447083868627417e-01
1.741514516313329430e+00
1.776280840531459515e-01
-3.654584037641695815e+00
1.572676191066862739e+00
8.565754221595660578e-01
9.659629844581461011e-01
-1.071620442351379321e+00
-1.835252972417409811e+00
-1.252061420619320353e+00
-4.469666407462780100e-01
5.047905320374019844e-01
1.081292249118928073e-01
2.027980070735759810e+00
-3.091123881163545306e+00
-9.896443795316886005e-01
5.981289139060301796e-01
5.330701809701527960e-01
-1.643204441896445878e-01
4.489807129822687148e-01
-8.465666080740033017e-01
1.182361894160231186e+00
-5.955134910139918691e-01
-1.026224329976382688e+00
-2.151863210827338335e-01
-2.335452016865096958e+00
-1.325128795835376350e-01
2.254280568464603896e-01
-1.255775425538753876e+00
-1.246220315017849689e+00
-2.311234105865923871e-02
-1.283838543498186935e+00
-1.527561627475573225e-01
-5.401989655602780216e-01
-3.322783379278583804e-01
4.530377206683242619e-01
-1.197812423519788450e-01
2.142575625329303790e+00
-1.963499713811356351e-02
6.971493363540132160e-02
-6.852499748341021046e-01
1.876860157910006821e+00
3.582598756356214498e-02
-2.001767308929038425e+00
1.043491435667740053e+00
1.618576679517871764e+00
6.736496564576071044e-01
1.200902530422218728e+00
1.927525267503882311e-01
1.250182048319241623e-01
-1.211730629025504546e+00
1.127115580088276836e+00
-7.374681974630314940e-02
-1.382964712206068425e+00
-1.186859895643507468e+00
5.689665366529190749e-01
1.303515764771347119e+00
-7.789258320652870937e-01
-2.986611574020261450e-01
5.451062343059462911e-01
1.046688387253844166e+00
-3.001376855409425559e-01
-1.138108088537584051e+00
-4.283048814326352982e+00
1.077698561694118817e+00
2.780755430130910977e+00
1.396431264108663806e+00
-9.097496946986055599e-02
-2.588694471115230433e-01
5.629272866638093120e-01
4.566352808129969798e-01
2.500547476529123569e-01
2.382390434847947436e-01
-1.917902668151910683e+00
-4.964392295672561684e-01
1.983973995527362089e+00
1.083916359574576660e+00
-1.670355836452669385e-01
-2.906238607272415564e-01
9.721063962067874042e-01
6.328669113606202323e-01
3.064971527604553048e-01
-8.428912215468771230e-01
-1.236674314151775533e+00
-2.002847628464945462e+00
-1.415876838118591108e+00
2.170243401267933692e+00
-3.775720014601688934e-01
7.395021326489785718e-01
-2.140370747029605170e-01
-5.716137897613846608e-01
8.972605022095647698e-01
-3.157910017667384661e-01
6.889437921612150406e-01
9.002979026953736863e-01
2.029978531263921582e+00
1.306688172614620225e+00
-9.312323332806458909e-02
7.112364806896378511e-01
1.262179797115737578e+00
3.091311457746146463e-01
5.267799281790539467e-01
-7.258136487299302608e-01
9.126118769206406078e-01
-3.655090593544419453e-01
6.802427582622659896e-01
-2.586873080499874078e-01
-1.170160506765662856e+00
3.281031781710797013e-01
6.794924766888260637e-01
-5.555011265061282622e-01
-5.264876855135204314e-01
-1.012886110019534547e+00
-1.328761180627485050e+00
1.110514259726119723e+00
-6.006923265917636368e-01
-2.428325161972983981e+00
1.148835815987122144e+00
1.007775112028608477e+00
5.109327251857742613e-01
-4.553594490808662520e+00
4.260196228128874107e-01
-8.088984128306055954e-01
1.267869148885693242e+00
-1.239952207135861295e+00
-1.271210400822527342e+00
-5.828861268460394651e-01
