-5.129509900437294601e-01
2.612559196106480908e-01
-2.511013553370649021e-01
-1.271467562398143070e-01
-5.989057512809219386e-01
-9.934924280194239454e-01
-7.219099592098439100e-01
-9.979292166937030473e-01
-4.791465781268304802e-01
6.942227654308965601e-01
-6.368735355150416666e-01
-5.803179241270406408e-02
-6.448338547936796061e-01
2.844559648310078792e-01
9.502284942682461821e-01
-3.690061562607640511e-01
-2.267506794950497895e-01
1.066950638782446781e-01
-6.104036260964305072e-01
9.921310942956389489e-01
5.725405740174709379e-01
4.100645181573376874e-01
-3.683287555419911818e-01
-9.504276586353412881e-01
8.523708743832412171e-01
-6.351080498935048890e-01
2.099987660977167270e-01
1.851071338264085320e-01
5.681226193209587549e-02
-6.473353158709924671e-01
-3.722080812593999699e-01
-4.209636204968887352e-01
-7.888386411252299446e-01
-3.637723309907641145e-01
-9.335484230890684909e-01
-3.643370414017592651e-01
6.090590650540765871e-01
-1.633686499462883024e-01
-5.499121055645983525e-02
4.799547648242112885e-01
-7.893700800896343850e-01
-8.717687098872688445e-01
5.174822403157357531e-01
-5.016908315467774049e-01
9.767718997668637382e-01
-1.218035800000170088e-01
7.972624308085862754e-01
7.286600209716334042e-01
3.383076098197383974e-01
-2.407414523363713421e-01
8.509564666993598703e-01
-9.228468327976977470e-01
3.733718338339055975e-01
9.948513696185516952e-01
9.402890436810724673e-01
1.402972658244587834e-01
-3.630724254700432585e-01
-6.412714047228420533e-01
9.367228530220603755e-01
8.833421111057111474e-01
3.850152590777073947e-01
8.684201864899547818e-01
-7.854731406699893004e-01
9.635352517718343002e-02
9.374921953461954338e-01
8.074247156159228833e-01
2.700922323840933004e-01
-2.992703266475005286e-01
-3.240192101277794556e-01
7.456137998920495669e-01
-3.293498090736650674e-01
6.507157631860287506e-01
-4.688713921035332355e-01
2.688745170405344442e-01
-5.893646829868308679e-01
7.541452611187116073e-01
-3.278090203879324704e-02
-6.360826580073040137e-01
7.716638072535861870e-01
-1.525539678835925450e-01
-1.076470229455996908e-01
-8.246731904699666771e-01
5.469928720476091577e-02
9.187817811590737183e-01
-7.001297913827828623e-01
8.165827194171657588e-01
-2.612857131969497093e-01
-4.466039756964879093e-01
-4.337093446593054402e-02
-7.232482486378433162e-01
-7.161936995583855214e-01
1.045554675456437099e-01
4.711380208854776264e-02
-3.294722880492217953e-02
3.196998158378427934e-01
-3.552154649496592764e-01
1.633494331095315388e-01
-2.926826772711372815e-01
7.418636648677581213e-01
3.795286998274727264e-01
4.193113229946165976e-01
1.795696375464070904e-01
8.781617479929728631e-01
-1.646474441291181368e-01
7.786296524183433654e-02
1.927173766945171618e-01
-8.052832644074370272e-01
8.917389912317390532e-01
7.179365201360601301e-01
-1.723166101937212424e-01
-5.818225835674195601e-01
5.778436024939952453e-01
5.067555515304309477e-01
-2.660350449961887964e-01
-2.369113186103501967e-01
1.603471645297041004e-01
9.717956421268119094e-01
7.107299394836688045e-01
-9.764132433691607993e-02
4.505125244714383026e-01
-1.496142540632894313e-01
-1.836620628998228977e-01
-8.627219971010000599e-01
1.238167466579227494e-01
-2.465108772842663498e-01
-7.796111756722685637e-01
-5.875406199835506715e-01
9.845127662129726787e-01
-7.738602452145506572e-01
-9.219858278457326861e-01
-8.850158307278772618e-01
-6.852539515818154570e-01
5.876425301007204283e-01
-5.239929337338133930e-01
9.489688883290510191e-01
-3.222104745656322322e-01
5.575202778935954839e-01
-7.488993768721690092e-01
8.650375531811467233e-01
6.213025781050762752e-01
-1.630446285943312201e-01
2.188209855117284608e-01
-1.634505574693045915e-02
1.079244435531265811e-01
-6.961263338265584188e-01
2.089502689615967412e-01
-5.680637840091007362e-01
8.107392318309629697e-01
7.878623874971661944e-01
-9.972716866823183590e-01
4.480032680235992437e-01
-9.343052443952801767e-01
-7.133107060523609100e-01
9.721774490284329495e-01
-6.497187608892893707e-01
-7.616226463250186374e-01
7.125017719625061918e-01
-5.508376762478417454e-02
9.010776824336048652e-01
9.105642562573068588e-03
-4.266693575428992524e-01
-3.756516263355793583e-01
-1.974870217874447054e-01
3.098816996867146401e-01
-2.031985243625547000e-01
-6.685731248485964340e-01
-8.838021126474853162e-01
-9.250813256525649564e-01
-5.316239556499502417e-01
-5.998887781793680318e-01
-2.390874300289995702e-01
4.965277319627894315e-01
-8.055471619897824898e-01
-3.272417218327585697e-01
-8.724464563444251919e-01
5.742922870187257001e-01
-4.322367504910149538e-01
7.594671242034234382e-01
-7.388316049460010859e-01
-4.297324486076892214e-02
-8.706444567046727201e-01
8.078223896626073319e-01
-3.226508019177785069e-01
3.629741961291479413e-01
7.939754882964500382e-02
4.873250096703696244e-01
3.175380111916574766e-01
-3.663936057003247537e-01
-1.900234206336282039e-01
3.514762175098375963e-01
-7.907699981027731528e-01
7.571863451963889435e-01
-2.773064202131014788e-02
8.645358311851922828e-01
-3.989974420170436797e-01
-6.353121785269886246e-01
7.609053715598190770e-01
4.126560954240210410e-01
8.245223258495606444e-01
5.630667655769521218e-01
-6.465942705329748019e-01
2.069214586256626909e-01
-8.642187359544517555e-02
-5.340052653460714005e-02
1.002704053517005089e-01
-7.206352534636430995e-01
2.586554326365726464e-01
4.070979037742945561e-01
-6.118591154067247739e-01
-7.426940996412465523e-01
-3.891085584273381581e-01
-4.113038553724366331e-01
7.335174328444216130e-01
8.216067620479821088e-01
4.321982835127697875e-01
3.653609207908332657e-01
7.164269469290924786e-01
5.101979761123858204e-01
-5.978717099899384380e-01
-2.645334705297264222e-03
1.688822028965293320e-01
6.976899766626729615e-01
5.640042628526968915e-01
-9.279381577859779906e-01
1.180337691073918283e-01
-3.511609359650402773e-02
-2.557508287166689875e-01
-3.219631614319684587e-02
-6.662419998216673189e-01
-6.454867166597080264e-01
-1.006466748364909236e-02
-8.279359686884424363e-03
9.656476523265198342e-01
7.321906541439084926e-01
-1.877517643575596917e-01
-7.312780552102251530e-01
-9.964775758564603514e-01
1.615078291922655840e-01
-2.464363406083924790e-01
-5.820878254849293221e-02
-2.835924029691676562e-01
-4.787371159383708719e-01
-9.824152664496434983e-01
-2.283885738087132466e-02
-3.263026193723752577e-01
-3.369772391079872698e-01
2.056939664833743464e-01
3.073918923672287473e-01
-4.880823978739816660e-01
2.478419101398638968e-01
-6.198117058482375263e-01
4.922211084188807817e-01
-8.254820423258875106e-01
3.422580231408016704e-01
3.720913452208125527e-01
-8.647739760432637812e-01
3.798822387896707564e-01
6.213533000247126736e-01
-7.295821586957362825e-02
-7.630734932742577747e-02
-7.393974747190512620e-01
-8.852367433542580599e-01
1.477490384756330322e-02
7.099585507146959351e-01
8.713658859974688919e-01
