4.549160096487758764e-03
-7.613772391463977662e-01
2.164655643334971735e-01
4.385554066504784299e-01
5.265046521836180826e-01
-8.192098652075565646e-01
2.691315631560271537e-01
-7.982583269344849519e-01
-1.791548535223193017e-01
6.612484100207309812e-01
-7.659164883531335288e-01
-9.891527617754549695e-01
9.549794104181152932e-01
9.872898008071617770e-01
-1.687211242177877324e-01
-4.016834538058331461e-01
9.165587211152139702e-01
5.023410195211417406e-01
3.572470696997045447e-01
-2.791676827711921938e-01
4.483489667674509516e-01
-5.580198286189059775e-01
-6.300905394606275411e-01
4.962482953708202693e-02
4.217114605391572013e-01
-2.014429588237542923e-01
-6.566659260682166099e-01
4.576596861001669403e-02
1.144530341633449577e-01
-5.767971335022803459e-02
-6.205856056496747986e-01
-8.396425463478964790e-01
-6.512018663551415454e-01
2.173372608763382008e-01
-5.781153052505210166e-01
-4.489862131980386639e-01
2.292524876610426698e-01
-3.124495258261359432e-01
9.067882315707951335e-01
6.168621803955482985e-01
-7.055970574487178126e-01
7.674648171382445483e-01
3.428925668692242024e-01
-2.227346267344221253e-02
1.129523667915615093e-01
-8.698871998705037800e-01
-3.230144452434244862e-01
7.346070251348908453e-01
-5.349924754031487595e-01
-6.953590122328892065e-01
1.405670038128803423e-01
9.910034986062119522e-01
-5.202335610084667383e-01
8.724590280562607436e-01
-1.637446812624077097e-02
-5.012431083637647333e-02
9.285838375867845329e-01
3.160011478285533748e-01
1.254462725277838420e-01
-6.554447723070484511e-01
-3.287253461104058250e-01
4.322849415955993813e-01
-8.385101414780045115e-01
-5.251839547286127896e-01
-9.747291257630983363e-01
7.500151732637299062e-01
-8.622969306373768905e-01
-1.321161632268141872e-02
1.086426255522012774e-01
6.239634821826913758e-01
-1.890289117584507128e-01
-9.967025609765103322e-01
1.918619705962498756e-01
2.680295031517818671e-01
1.267519764521518599e-01
8.267012832700619818e-01
5.358500118477027563e-02
-5.714114875892108980e-01
-6.360542609864419106e-01
-8.387441270552777883e-01
-8.797619591226784053e-01
9.788666057464776582e-01
-5.842883328295154222e-01
-8.582175581711499746e-01
5.995392382449815649e-02
-4.942494146369349473e-01
7.021834918278075932e-01
3.187385414669623440e-01
-1.053452433333639249e-01
-5.764942951649318914e-01
9.050080579378758650e-01
-7.196161478667819633e-01
9.030903961025287252e-01
7.227144840956094551e-01
2.692537164387760473e-01
-9.812677912734069086e-01
7.957935479240045851e-01
-4.690148501154609573e-01
-4.790090750613171799e-01
-3.090437807785935131e-01
4.027945487583191042e-01
1.041507790465776573e-01
-7.879474641690251691e-01
-8.895384303512421376e-02
3.488301577080437088e-01
-6.146678452704141815e-01
4.681064121064790751e-01
1.324840123841977135e-01
-8.502417779207549486e-01
8.150088942238387091e-02
-5.398868081497520954e-01
6.777143384665464954e-01
-5.785151936560561925e-01
7.885303092292523797e-01
-6.747655790432238732e-01
-7.458646913712512205e-01
-8.169417511723731096e-03
2.803142466353358842e-01
1.855916348270478800e-01
-5.934798094997850715e-01
-9.262031235374985627e-01
-6.818207834586627047e-01
4.792288090836145376e-01
3.620255147365638582e-01
-5.910812889592862440e-01
3.164818107831066651e-01
-8.010272912647524723e-01
-9.983960700749399120e-01
-1.834466751257324280e-01
-8.324318239729748825e-01
-4.866842622518030570e-01
9.010250666654091578e-01
-6.669404153536997448e-01
3.343297337766661936e-01
2.865094737920950152e-01
-1.336998033191094670e-01
1.132194738089620234e-01
7.255593749818982641e-01
5.946870046405938748e-01
-9.698970738803647240e-01
-3.410207432742971001e-01
-5.331601558917919981e-01
-5.663797782895030331e-02
-6.956225577871635313e-01
-6.902646294184267006e-02
-7.035417409911337572e-02
-4.316819159137281758e-01
-6.933267287105395749e-01
-1.023141159659313182e-01
1.666276105718791367e-01
1.256005745345203373e-01
6.889482966206013081e-01
9.864177731005578931e-01
2.012639942464595766e-01
9.109236088664742770e-01
2.603062857352806958e-01
6.857520391344400501e-01
7.431870334545229717e-01
-6.522189392175423706e-01
-6.722481375168605222e-01
6.546588452335282415e-01
-9.710102689387485331e-01
-7.882253649165644749e-01
9.542057388760647463e-01
-4.302472397625904943e-01
9.711797746760759686e-01
-4.734577696385411372e-02
1.949183781012708838e-01
-7.752112853626620392e-01
-9.961894774757793503e-01
2.906572239346996156e-01
-6.390929579890674006e-01
8.890038799022865756e-01
8.011793363654913236e-01
-1.243589878139423899e-01
6.529277091742260453e-01
-8.092862964258464853e-01
2.406867555051075414e-01
1.325139478880332788e-02
-9.127507523281159774e-01
-7.059124096955513572e-01
-6.657004968727806560e-01
6.007528261653827251e-01
-1.725458268779322957e-02
3.919919992273845910e-01
-3.648908814867357631e-01
-6.549684632149592733e-01
9.504587455502009341e-01
-8.348059943841046326e-01
6.253796218526046502e-01
-5.578016773794374217e-01
-5.732741305066648696e-01
7.449605079564272092e-01
-6.192210423265982477e-01
-4.785030672021233222e-01
4.742773429697892951e-01
2.787724182081374735e-02
-3.039806091092638329e-01
-5.277613336786712850e-01
9.463909349293866402e-01
-3.813599065892958606e-01
2.009720428558323668e-01
-6.113607611963338684e-01
-9.433616864309286587e-01
1.320455588896440879e-01
-9.372425407168227807e-01
-9.755895815933961490e-01
-1.022328832626726580e-01
2.253162293025361418e-01
-5.356755014104561674e-01
-6.325193350448043983e-01
2.654213419579873889e-01
8.986164342530509330e-01
-1.936888427730691919e-01
1.726947747443923209e-01
-3.660000834199672592e-01
-8.328559308277294626e-02
4.187133365790312034e-01
7.081793252068286915e-01
2.453120842317664252e-01
-9.080376429246934666e-01
-9.797932370468451779e-01
-9.748950478006936926e-01
2.740442873456141459e-01
3.843549144026159325e-01
-2.956279415841256419e-01
9.332058772641265154e-01
-5.492180267665573989e-01
6.063353869512848604e-01
-3.185908874216289988e-01
-8.636540697081336315e-01
-6.774278161987301594e-01
6.904047553555081596e-01
8.018376420243551461e-01
4.128242607574386103e-01
-5.767286274114031830e-01
-4.137232694313861536e-01
-3.518562759471122181e-01
1.191402056003916243e-01
4.084172098915912485e-01
-1.889650257595825167e-01
-4.195839232973306299e-01
3.984687347394588741e-01
-4.293403727328077846e-01
1.995765056658784786e-01
-4.007545352924830606e-01
-1.230815617573988163e-01
-6.976640269516594106e-01
8.391940830740425294e-01
8.619622392616157480e-01
-5.885966880877344654e-01
7.724950988661376527e-01
6.210868934935791508e-01
5.064738350710109582e-01
8.904804923351268275e-01
-4.556116964342531439e-01
-9.862180630983941043e-01
-2.571648322202191306e-01
7.854678906784056114e-01
-3.522480016613769305e-01
-6.347063707647007114e-01
-1.789564749211076666e-01
-5.485270500838119734e-01
-5.693691166427599093e-01
7.552340553009408985e-01
