4.091924668582342939e-01
-8.776515484958138380e-01
4.551300026098370477e-01
-4.733470605610667903e-02
3.118709214291528475e-01
-2.333282291233595984e-02
-1.058540021964093913e-01
-9.243508274955931636e-01
7.244867562732215660e-01
3.129739829827185016e-01
-9.758379367300797913e-01
1.105196397046468437e-01
-9.670968708142135828e-01
9.958425146267742001e-01
-8.689830134070612999e-01
-2.912545859176025598e-01
-4.949682924083413926e-01
-7.615620651863304058e-01
6.263593351588947478e-01
9.694083874847112536e-01
-3.713837919545885935e-01
2.571510233854334970e-01
6.222342043285749025e-01
-3.767416892542163609e-01
4.680638268634140786e-02
1.365312481464626693e-01
-8.050117002400161148e-01
-7.598329883417491715e-01
-5.092534917352240509e-01
-8.659769806915216250e-01
-1.950374015787970094e-01
-7.769318030312060142e-01
7.479741843981659866e-01
1.998428250825865504e-01
-6.314034520559563823e-02
-8.583065478367895018e-01
3.468457047165509621e-01
5.403718342501990790e-01
-3.456954188653698079e-01
6.270847870844655780e-01
8.165950682310123554e-01
-7.532790142344945039e-01
2.338172718866338151e-02
-7.019240025826434248e-02
-1.610097729926263099e-01
-7.689191057482436253e-01
3.021571417472792564e-01
7.753939128284634830e-01
-3.363057426825075691e-01
-8.700590388225550864e-01
8.562801071245753626e-01
9.078957295430483132e-01
-5.240780774175055612e-01
1.941548324112538637e-01
9.277087019342107332e-01
3.713308226210654261e-02
1.465930249390328122e-01
-8.936158485257401640e-01
-3.252177043219364183e-01
7.218758168577439349e-01
-7.771767669063442963e-01
9.237613319811694979e-01
-2.392137544957397832e-01
-6.104150181702394651e-01
-9.501477034344905093e-01
9.048925759532258084e-01
9.510232044158832831e-01
-9.807910724348589682e-01
5.003519545718015937e-01
1.952047985903093696e-02
1.906739088083471145e-01
-1.616068087741973081e-01
-9.219237636416424131e-01
-6.599671433751965743e-01
3.317539441197332462e-01
-6.211065592773916677e-01
-3.258212346922895186e-02
-1.257270537275423372e-01
6.137360659680135555e-01
4.970094598028174104e-01
-3.093773468188747433e-01
8.699302177152115068e-01
-1.954700726736404715e-01
-6.766810501746993722e-01
-5.559053820770309962e-02
-9.695092894378982695e-01
2.726817181793279588e-01
-5.702519634876890287e-02
3.977813742016573784e-01
2.724644693843436549e-02
6.215598672662829838e-01
-4.539036639869744594e-01
7.415838095981659439e-01
1.257839943227685442e-01
-9.887535836198846351e-01
-9.369267454768699377e-01
-3.008682801169479948e-01
-3.799480801227186344e-01
4.921882034665046035e-01
7.481053972319657852e-01
9.218831930096564875e-01
-9.534722610006933774e-01
-7.197395693861590171e-01
-9.528943875463546931e-03
4.992263819451401297e-01
-7.201195783618623558e-01
-3.501038417927559987e-01
8.037496896285201142e-01
-2.275290028909184858e-01
-6.500658451634870882e-01
4.941725081790782070e-02
2.099475252942757386e-01
-6.485028618617156848e-01
4.466253686194276984e-01
-2.629555464252053554e-01
9.399559996007678109e-01
3.122487618102520734e-02
7.066472919900979033e-01
-8.391533091459797422e-01
9.132272980579516641e-01
3.410311683011979511e-02
2.951880931366541727e-01
-3.711944034289909045e-01
2.054466290061927047e-01
-4.706622707693939311e-01
9.252935828481461122e-01
4.698120269839549668e-01
-2.791103431636545729e-01
3.344199229550646191e-01
2.440652566163290516e-01
7.211035771694220831e-01
2.942144253831600054e-01
9.003431338087690694e-01
-6.554983890626875365e-02
3.599071433013256716e-02
4.273295922184521256e-01
6.279390282358539022e-01
9.835242408152851112e-01
-9.027628616015352936e-01
-6.297150468845604809e-01
1.845244631397917612e-01
7.825842973983998530e-01
3.562567429955960652e-01
-7.073037025780948284e-02
-4.786298360189236156e-01
9.363475475239768642e-01
9.620889025072909551e-01
-4.973244952005868580e-01
-9.489556586041840713e-01
-4.652283665727430240e-01
-4.787313301774791530e-01
7.830280569961907133e-01
8.340083731759211361e-01
-6.274815383571370475e-01
-4.001948766260099433e-01
-7.564248632008057083e-01
5.665716349410665487e-01
-1.822309472612326786e-02
1.666554753936750899e-01
-8.551246052752823346e-01
3.379170457633509095e-01
3.374078250262739775e-01
-4.524255825759717631e-01
7.812734232577513982e-01
-1.691439902325251321e-01
9.339424717583180158e-01
1.950060702453342287e-01
-6.140419837725628049e-01
6.132339563314870290e-01
7.029889570304941326e-01
4.390063347753654366e-01
-4.908826803543222539e-01
6.877461695448803258e-01
4.477889665285808007e-01
-4.452171848493688966e-01
4.464607191111931161e-01
3.779880123346024412e-02
-7.892095481511354205e-01
-4.554211531878398223e-01
-6.820636829571142812e-01
1.734829102632122755e-01
-2.845438988576403094e-01
7.927829840132298855e-01
-3.626620373072200199e-01
2.313521009125962813e-01
-3.691131406554388761e-01
-1.854484566093457243e-01
-6.877041575159079656e-01
3.928238401454551276e-01
-6.124186379010574388e-01
-6.688212068215282358e-02
-4.754409346304313555e-01
-1.832977506412916124e-01
-9.284228738216571131e-02
-4.999538019995291016e-01
2.555667220315878119e-01
-6.815440639796133127e-02
9.772093645154711350e-01
-9.696493844629296976e-01
7.369972947294689547e-02
-4.858497123088696412e-01
2.433637198390981027e-02
-2.622192646524545978e-01
-4.654740732772320033e-01
-4.240936736949747488e-01
-8.823523682394815992e-01
-3.832918937739360210e-01
-2.473173300565365551e-01
-9.486915698621551929e-01
3.363602007633141877e-01
-5.652838820723438129e-01
1.728819286755034490e-01
1.737108300507788083e-01
9.950862363743848693e-01
6.916433604688139170e-01
-7.499481848138322970e-01
-4.581283436364151918e-01
2.235589877599128972e-01
3.617760241151661837e-01
-6.699080844324540873e-01
5.807219938011936033e-01
-6.723722611705020835e-01
-8.125345194260427117e-01
-8.946897428447262435e-01
5.812746255159979558e-01
4.619554223692694528e-01
8.653817785435509169e-01
-4.070337016120977314e-01
-6.424674141769697311e-01
-1.896001528184356744e-01
-9.302403772857457120e-01
7.429462060081168939e-01
6.821530007777361071e-01
9.128200796031669118e-01
9.186962765408825948e-01
-1.414452231486988953e-01
-4.171164476394511045e-01
-4.197424128710778302e-01
3.801070141406814873e-01
5.362249593814527593e-01
-6.742663207640327006e-01
6.611508465256548117e-01
-2.749683837128005237e-01
8.822975930018490676e-01
-9.579386109438157160e-01
-1.842625872650620611e-01
-8.950362252215697811e-01
9.365736732808727094e-01
3.521758806031174416e-01
6.435555108894719378e-01
7.759498200724523898e-01
8.167533541147731224e-01
-7.393789079303525469e-02
-4.771224464097085782e-01
2.130086252890079912e-01
-9.356348150314919287e-01
-6.092589003577226769e-01
-2.497332468345034862e-01
-3.457677798049800799e-01
3.346753437077263360e-01
4.635543752150375063e-01
2.388937894105063187e-01
6.490528026548090246e-01
2.933515486377984427e-01
2.005091291016207755e-01
