-3.082821545155114418e-01
-1.745454633867313810e-01
-3.276732433128035638e-01
-4.580786328941766072e-01
9.647526086731184058e-01
8.382339538965186687e-01
8.233456733237352054e-01
-6.167408129994234045e-01
6.105191591623744252e-01
-6.967779157630393794e-01
-8.673405288861677498e-01
-3.481978865201649231e-01
-4.274986042283248633e-01
-2.063444522547719373e-01
4.887554804798677210e-02
6.762128453969877828e-01
-9.888945581506132232e-01
-7.943121544755573638e-01
7.655096577275410930e-01
-7.749700198835756115e-01
9.613702765774234660e-01
4.077608443512323877e-01
-4.092122111647265026e-01
-2.644523207008235843e-01
7.936009829846677466e-01
-2.990120964906912704e-01
-3.519428565679794119e-02
-3.977931890394876824e-01
3.534580048529467611e-02
-3.250106868238129554e-01
-6.492035924004786462e-01
8.149621929074162274e-01
1.580925980102445561e-01
9.236653077463439221e-01
-5.523370802715541483e-01
-1.076507239458912579e-01
3.323811025221043991e-01
-5.243911996872996362e-02
2.199561571050234754e-02
1.901875711571994199e-01
1.705653737707939488e-01
1.085467499054977303e-01
2.652604643883509361e-01
9.007304802711135761e-01
7.040591292157083458e-02
-6.096240686179132950e-01
6.506347240916656727e-01
-7.964468394687165276e-01
8.581831868514400163e-02
7.885156517762825779e-02
-7.704611800521565801e-01
-7.602134994535534318e-01
-4.918691793410456814e-01
-9.916157097099931317e-01
1.674839724412964248e-01
9.594115325049519249e-01
-7.537774005638537833e-01
8.090700048469650074e-01
2.427726123797453450e-01
-8.933329200193176334e-01
-3.168780984436536663e-01
-4.620618958977475987e-01
9.993602680195052823e-01
-5.069603840873997402e-01
9.083635841484998252e-01
-1.978829967407309542e-01
3.480643250843760139e-01
1.658899883508779816e-01
-1.299953143470735650e-01
8.799174135858398582e-01
-5.984367484349317756e-02
3.789812643795043012e-01
4.361557227854584440e-01
4.070141379595277886e-01
-7.576977406135423365e-01
-1.336913379060147289e-01
-5.613362928035614541e-01
1.606359449865772948e-01
1.741504667068958234e-01
9.452494113579348323e-01
5.133547076301196999e-01
9.767967872547969055e-01
-6.371912542800504120e-01
-3.574922412442775865e-01
8.833478707309705413e-01
-7.749145448038992079e-01
-3.410152424619128375e-02
5.631079157890599429e-01
5.328133481278216621e-01
8.107215000962684215e-01
3.861602472257184004e-01
-5.608161282837298423e-01
2.242806431323443039e-01
-4.697541496471586697e-01
6.794536415190646217e-01
-6.343711711110764373e-01
-5.777051215224158209e-01
-7.200456367019498760e-01
5.899913338672286844e-01
-3.327542075909584174e-01
5.260371221893622717e-01
4.398988213977623740e-01
-2.883328977483556876e-02
-6.425124823542998076e-01
2.597749898840622240e-01
1.047912405659352508e-01
4.805267597580757943e-01
-6.408440507131327735e-01
2.800877480295167476e-01
5.331692563016732223e-02
-8.390155212568739529e-02
4.646755486461136009e-01
-2.614239773353370655e-01
5.197065742997841742e-01
-9.988489686050281424e-01
4.533795389911479123e-01
9.253700306778862572e-01
4.395673784294660269e-01
2.290590996719776840e-01
-3.651028509157350221e-02
-1.939982495180261335e-01
-3.811339386852592437e-01
1.380860568556330215e-01
-2.161286275978593352e-01
-1.104530264705965159e-01
-3.205885619748172211e-02
-5.453030868484289861e-01
-1.153604335415643334e-01
3.256830255240057426e-01
1.563830125679457339e-01
9.629930947008724651e-02
-2.250652966395056964e-01
2.129093564573207864e-01
-4.823848330679176843e-01
7.427900758315912899e-01
1.182548257914344259e-01
2.038794141538737836e-01
8.596643198927567120e-02
-7.608341504812172751e-01
-9.116077297727960271e-01
9.171242492033813143e-01
8.512770001057543556e-01
4.267475516423342441e-01
-7.647470797159254818e-01
4.611051563087276151e-03
-2.506217047798320330e-01
4.265741183468947373e-01
8.867563880087134809e-01
1.164098449443695671e-01
4.328975146306062172e-01
9.947080730139998828e-01
-2.936835503285217808e-01
3.738013577283729738e-01
4.044432698972248996e-01
7.466936863909994226e-01
4.297149913976900937e-01
-1.553991035651931529e-01
3.889654108857381054e-01
-8.905937311069747064e-01
4.166199385925231091e-01
-1.051961115403474700e-01
-7.375097929749947490e-01
-4.824815580560242179e-01
-4.737049658799508123e-03
2.023709282498880047e-01
-7.751245281521976782e-01
3.567306436367321254e-01
-9.185791253202812978e-01
-7.247571957366305551e-01
4.053764553234562307e-01
3.104306303709325476e-01
1.904051843869269955e-01
4.756460081750846225e-01
7.305704174401812523e-01
8.499514893539592553e-01
2.550323402351020174e-01
9.986656695093341085e-01
-5.941970085458718742e-01
1.261908174202022170e-01
7.294181115206233024e-01
9.215878410701439094e-01
-7.459877187066634718e-01
6.701042382884532245e-01
1.174466075360849349e-01
7.335139930673622022e-01
-3.354927671885503671e-01
-7.062317447890864575e-01
-8.318090518580782966e-01
-3.042389112944410279e-02
2.143389124623062969e-01
7.255691166300946016e-01
7.926603454257490355e-01
6.369715592653586445e-01
-1.329187573946901679e-01
5.250637174557111209e-01
-7.794641476965513682e-02
-3.693956646161744573e-02
-7.074432428775274673e-01
3.677939869745450174e-02
7.865822416532153305e-01
6.199998842691498702e-01
4.543328771913905939e-01
5.241373461900038500e-01
1.610736248672368642e-01
-2.946845742456909445e-01
-3.742798521761963038e-01
-9.055841286419696878e-01
-8.027858788111830179e-02
6.073567490863005514e-01
6.422302961224419793e-01
5.276954506855038307e-01
-4.688365353673844549e-01
1.028841660886155029e-01
3.796940153787935479e-01
7.331264095877998432e-01
-9.467368090705947647e-01
8.150359320269788821e-01
5.393285572596517863e-01
4.331445225164445301e-01
9.817964173545059570e-01
1.009825115345273083e-01
8.297762817476277419e-01
5.626497040195523880e-01
-5.486663486471268225e-01
6.756143168475683414e-01
5.038642451411288192e-01
-6.038760186212803749e-01
-8.982630047961934761e-01
9.092482804963304410e-01
-7.594727132435308281e-01
2.716333276400535457e-01
8.648007948200111539e-01
9.500374592631404269e-01
6.663405458946851656e-01
5.448449435734115109e-01
-7.437029673942581187e-01
5.644277870122960117e-02
6.959150242112681628e-01
-2.679011526423327183e-01
-4.453205774179009868e-01
5.353258608898860960e-01
-1.832143612272345568e-01
5.804872750836251871e-01
6.643648894299905017e-01
-5.149337471083574869e-01
-8.241363963632541978e-01
-5.294119669697745501e-01
-7.732234887211721919e-01
6.350607723437264873e-01
-4.738087973765441330e-01
-5.238610601183968374e-01
-3.007888674199499235e-02
9.063014871965968666e-02
-2.339222183538436362e-02
4.991022784080272334e-01
5.703352519941493615e-01
-7.597482152786925180e-01
1.512575503079460759e-02
6.018610055773154777e-01
8.248883598608278689e-01
-2.079139719343903181e-01
3.743346474934103885e-01
5.256291397300680845e-01
7.617473788208650731e-01
-3.748631873951395743e-01
