-1.597086615713187996e-01
9.436180502585478358e-01
-1.243184282376277316e-01
-3.719271158803909572e-01
7.437149309157864430e-01
-2.097952865734380445e-01
8.354569626353351985e-01
-5.770206303701019834e-02
7.576732569469701861e-01
-2.942479416835173112e-01
8.937958709237097121e-01
8.491844101820651414e-01
-3.816077546666145626e-01
3.885529117329198368e-01
8.045894683899545985e-01
6.970054383748645055e-01
-2.239988617029327056e-01
2.962235187496462530e-01
-5.646256584278785962e-01
8.258368880808411028e-01
-9.205382215665889323e-01
4.190257945448183641e-02
-7.899230526780058881e-01
-7.059502362976537437e-01
2.671180576326441791e-01
5.395519351142357145e-01
-2.103415049370820356e-01
-1.529220631694565569e-01
-3.968533210432112490e-01
3.852543421552212521e-01
-8.676797801507269980e-01
-9.569833151243971603e-01
5.178432103110039986e-01
7.750626793070098941e-01
-4.022569130541999716e-01
5.385167122724210387e-01
3.602932591632412862e-01
-2.875411038068556024e-01
9.216214237721498392e-01
-6.485135618296353766e-01
3.835844150248854945e-01
-4.927827881305963942e-01
8.219548256818021148e-01
-8.046272221083543563e-01
6.338252793390841688e-03
8.654213163307220569e-01
-2.379063305188084954e-01
-5.582594952963262358e-01
-8.595396095361536037e-01
-8.102782418434166800e-01
4.538816547007673563e-02
3.655989051216066432e-01
9.614992937310147259e-01
4.268251323606100378e-01
2.493580441173763873e-01
-4.192943224522547307e-01
7.317496187525629470e-01
8.373207237680233561e-01
8.900656630421750481e-01
8.311710212686469479e-01
4.305646278084929168e-01
-3.905983017314944572e-01
9.370003176556547242e-01
6.745270128672580245e-01
4.392435457425081236e-01
-9.490164591563043928e-03
2.419762986601616817e-01
-6.039835219503959518e-01
-4.027984811641762697e-01
5.902196499899712290e-01
-9.928309374854040747e-01
1.051863677244180284e-01
8.916892714615825000e-01
4.627420125370349524e-01
2.760748386791700426e-01
-1.991194733831800345e-01
-9.924987325132139659e-01
-3.941203077719739323e-01
3.417936041507596556e-01
-3.730083548423068773e-01
-1.407731769562512447e-01
8.503236975867043412e-01
8.888014649398434663e-01
1.235131534697522238e-01
-2.980808607113283326e-01
6.689285675625493699e-01
7.625635018572893831e-01
4.324580370582611355e-01
-9.313509641925281635e-01
-9.651768330359735693e-01
-6.557317752370894759e-01
6.491075912278636562e-01
1.333747578666271139e-01
-8.245774914882646467e-01
-3.662642369703812406e-01
-9.465214371291557072e-01
-3.586999217642314886e-01
-4.742671781682119558e-01
4.322187325728499285e-01
-7.553395143161223402e-01
9.731781505767567175e-02
4.664465311008110238e-01
-1.985372045981046440e-01
-7.343888075901796597e-01
-5.420575397396421025e-01
-7.313300557687019143e-02
6.630309681426980184e-01
1.944150345366653099e-01
8.955005047381996430e-01
1.860204869142638717e-01
6.399038687172060591e-01
-5.615748834698024439e-01
-6.497695126014042533e-01
5.286042646083763952e-01
5.680045419822086217e-01
3.521525965255969393e-01
3.106883277145318090e-01
8.497360827143503048e-01
-5.437685102176026408e-01
-2.763075159791279489e-01
-5.138791292411659661e-01
-7.711507413152962620e-02
-3.919568581058285872e-01
2.609781234779546821e-01
-8.430326154772624925e-01
-8.118427537982730868e-01
2.276537157581759452e-02
-6.777991532779470418e-01
-7.778169968369581522e-01
2.612008313114375646e-01
-2.160902459766349537e-01
-7.703322343619465329e-01
-1.782237553620260595e-01
-1.465479355650183280e-01
2.790283053830311388e-02
8.546547738033067887e-01
7.726766541368945695e-01
-4.876999398631385318e-01
-8.149523240137506175e-01
-3.724716930221048106e-01
-3.865758865845874137e-01
7.743973791038403220e-01
1.711222803937562098e-02
-6.671609861427045818e-01
-8.464214220602226391e-01
7.741419683102892524e-01
6.372998856469613838e-01
-1.433752361056543911e-01
-3.626046073036801598e-01
5.744055204304623352e-01
-9.105130903124782904e-01
9.622865882398468074e-03
8.427382478979945635e-01
4.482384315377641038e-01
-5.570804093335537388e-01
9.235349248791220322e-01
7.358647306403371946e-01
-6.596016376946134407e-02
8.246970766073686843e-01
-9.378390689544899850e-01
6.474342075315555611e-01
-9.143561141869303022e-01
4.996111705578718531e-01
-4.970185514990255182e-01
-6.196447686691046730e-01
3.566992337214192066e-01
-8.113333073376811644e-01
-6.723946056322827047e-02
1.343782831133060185e-01
5.935798280820914208e-02
6.304860643582921309e-01
-8.152247016212978981e-01
4.483854493395971197e-01
-1.597158425736988629e-01
-3.443339309115547309e-01
-6.611624477960542645e-01
5.832082570147003597e-01
1.376063573631818304e-01
6.322228339448456857e-01
9.815606889830794657e-01
1.501103255080769028e-01
-2.115071316799292944e-01
-4.129308403574234454e-01
1.889806758374625861e-01
1.082073264233689436e-01
5.256951919704297982e-01
9.848653259064670262e-01
-2.570285875261175690e-01
-7.778098725177848838e-01
-8.571150154601323568e-01
-2.293801137397128986e-01
2.597722915569784519e-01
-9.517826586098863118e-01
-4.913967707110318273e-01
-7.389030889065135721e-01
-4.683793535847948775e-01
6.063988684956744812e-02
-5.958981537730085876e-01
6.276240161166757314e-01
3.300384126320157208e-01
5.752492192568767759e-01
-1.474577657824027721e-01
-7.575704929774280671e-01
9.059402634336151117e-01
3.612002065225559111e-01
1.449301089508043816e-01
2.621048135546193425e-01
2.176041735596045967e-03
7.934222660697867191e-01
-3.275091215220455876e-01
-5.341973821285772583e-01
4.994093246175117518e-01
7.851848568765884551e-01
2.357028735824240329e-01
-2.504643558437908979e-01
-7.238267546092778115e-01
9.102862957917490228e-01
-8.636409320648130716e-02
4.203133083343499887e-01
-3.973758765474233456e-04
-9.888781054007693694e-01
-6.890827642375743078e-01
-4.744048826414992703e-03
-4.781744741434239554e-01
7.152149407802732561e-01
-1.224996398051649837e-01
-7.690171246650254755e-01
-1.498284718677762584e-01
6.400383656015757872e-01
6.507738605118484898e-02
-1.038894006697883565e-01
-6.806496753269870581e-01
-8.639241947545504008e-01
8.310608812014550484e-01
4.782438832683630903e-01
-2.732802695715390584e-01
5.062794103462677775e-01
-5.754981116818762565e-01
2.032688247855325425e-01
4.406468993698351433e-01
9.553571460567036322e-01
3.638370033241733470e-01
8.876882745631358151e-01
1.900366802778146180e-01
4.238665194933375346e-01
-8.646788359081432063e-01
6.754009131672411570e-01
8.742111468186699597e-01
5.390748217341421178e-01
9.998640155036762067e-01
-3.508635064193383890e-01
-7.612561300302433942e-01
9.526198911847212347e-01
3.974745679555076183e-01
4.148966292984357374e-01
-2.070955258505593477e-01
-4.462157015616590172e-01
-4.470867348722862289e-01
6.204079102566417703e-01
9.766873769061650279e-01
-6.077308878459906083e-01
-4.368091052887121961e-01
-2.077901738678034071e-01
-3.426069839836956010e-01
5.567787583987702238e-01
