-5.157529964156541968e-01
9.321187854817076790e-01
6.614238950196638100e-02
-1.811384116738392613e-01
3.287620487610489750e-01
6.892218308426161233e-01
-1.394450770012123364e-01
-7.164554632335478068e-01
7.462887171924701413e-01
-9.608964295090622887e-01
4.805420044820185588e-01
-1.255984830932681540e-01
1.193622428374923050e-01
3.870307947053022168e-01
-2.340049917280733194e-01
2.826685751284878645e-01
9.601928671213522115e-01
-1.387780408872887339e-01
3.547189335908611518e-01
2.434891250046118394e-01
7.432623963576248105e-01
4.508102049196627270e-01
2.646530610973412134e-01
-9.725324660960796841e-01
1.445394647271704969e-01
-6.723961481478757385e-02
-7.617824102964956268e-01
2.465358434913278440e-01
4.333728708557529341e-01
-4.703345473435778246e-01
-4.132397739717761365e-01
-9.480151224133210874e-01
8.139437698866947013e-01
6.693851980951115443e-02
7.030601875072581830e-01
-2.025553966988413723e-01
9.926446173734153611e-01
1.610115341998596961e-02
-4.336545743222530724e-01
6.087569616830910135e-01
3.303542504396090873e-01
3.088006147400359502e-01
7.740732755881336580e-01
2.720800737945858749e-01
-2.792172436924640344e-01
5.749772280971328087e-01
-9.991817189268556998e-01
-9.488803264652456715e-01
-2.678840904235348930e-01
-8.206469438201611233e-01
-3.657826476084615752e-01
1.451030840796829757e-02
8.260595262440406650e-02
4.774802833949818304e-01
-3.245927156459968987e-01
9.052297792075769678e-01
3.998688679407225166e-02
-1.465339184673508655e-01
3.114448197318986367e-01
-5.534583793545031494e-01
-9.639386318261029540e-01
-1.382772144982293838e-01
8.213857844566392341e-01
7.394122101524354118e-01
-6.957303272477928235e-01
-8.202440713073833045e-01
-6.872640009809511952e-01
7.067480560856533867e-01
3.665328400774152673e-01
4.535319790497489567e-01
-1.404526850986567155e-01
7.601387539115791458e-01
-9.829697085954016700e-01
7.399462124948623654e-01
-1.264166563601865079e-01
8.271150790119488061e-01
-4.035514796454351405e-01
1.457790100249833909e-01
3.145368048952283946e-01
2.853737777219509386e-01
-5.498879327730505917e-01
8.783528434967942111e-01
-5.570344241140532393e-01
-4.413297875154835737e-01
2.513255319694183143e-01
-7.511895853501182607e-01
1.063896690233585574e-01
-5.144530333045573833e-01
2.141153439524565716e-01
5.428160218773872003e-01
-3.903409646267148592e-01
1.107928380796818768e-01
7.444463702585910614e-01
2.095237574710471229e-01
6.631210327423591178e-01
-5.245878818862736992e-02
-9.271447222933151266e-01
-3.976981052777557313e-01
6.710617315360771773e-01
-5.855565054897895472e-01
8.293604707358404049e-02
3.659853049506522904e-01
5.944266523570431726e-01
4.414480031137606453e-01
-1.896716472478541249e-01
-8.805767287627186413e-01
2.191246713215244668e-03
-5.127778697866400837e-01
-1.551257529166560900e-01
6.792258720543691286e-01
6.619555217266053226e-01
3.667094810827975504e-01
4.535237843750494768e-01
-2.895530645058317365e-01
-2.622290005849883254e-01
9.804868545038463168e-01
3.930454575547766005e-01
-3.990632549606103474e-01
7.426536994739334485e-01
-1.650668757380278073e-01
-9.721825157532795192e-01
-6.320640692746726241e-01
-5.019207055750152247e-01
-8.933881599375619320e-01
7.996813618921370104e-01
9.612880319968910570e-01
-9.510267826610812048e-01
-7.658308997574856392e-01
1.778316387004383881e-01
1.135895521315033463e-02
3.528465648421579282e-01
1.841531442551362918e-01
-5.670971160916231657e-01
7.980660829112389276e-01
5.251452761283601500e-01
4.944681045545320508e-01
-6.993017159942382932e-03
1.266346533212998615e-01
-2.165166703246572677e-01
6.050113137846153677e-01
6.856655714602246654e-01
-9.404069768846547994e-01
2.207563193316455230e-01
-8.965907227545288904e-01
8.074402268193154875e-01
1.778918981222643581e-01
-3.823168220905805992e-01
5.787309450409627853e-01
6.077608646767747036e-01
-6.444439483166657379e-01
2.992268469889083349e-01
1.979839372866645242e-01
-5.640430526801485378e-01
1.460387503195250680e-01
3.312755151708699497e-01
-2.948405673824028295e-01
3.527499446442130537e-01
-8.743736836855329209e-01
-8.500942607083774583e-01
-9.032814902407209079e-01
2.052972501685048634e-01
-1.211313705288610265e-01
9.466741960670901346e-01
4.724632711909704241e-02
-2.046916848962991864e-01
-4.845231921375829920e-01
5.264331484349349388e-02
-5.406163620224233579e-01
-9.108870185367077266e-01
-8.385384311067278773e-03
-9.061252941754194268e-03
-9.443950980681894425e-01
8.054585770531597078e-01
-3.283442716264475258e-01
8.465666623773562272e-01
-1.790927542481097756e-01
-9.148429200051748644e-01
-9.711033016785413086e-01
-5.001935007225093432e-01
6.511156025241573442e-01
4.428940713368187954e-01
3.286149946423400081e-03
-8.821367237879069734e-01
-3.101719581879196497e-01
3.872687867226256575e-01
-8.341310382450033423e-01
-1.687945262669585667e-01
-1.966523870614638181e-01
4.868443602835403894e-02
-4.309565946114410906e-01
8.735968305160082270e-01
-9.828671186742889976e-01
4.756557661485367738e-01
-2.184897318513654429e-01
5.875204919197463127e-03
-9.766514442318161571e-01
-6.263654185119351681e-01
4.391777810503656454e-01
2.870804712822143667e-01
2.520547757095890073e-01
-9.073098666753551811e-01
8.108650813232580745e-01
-1.463639474254274653e-02
7.680289624116614089e-01
2.803785504590123878e-01
-3.621617248130963862e-01
-2.903307008509188325e-01
9.731944700490706701e-01
7.277946535686652396e-01
-6.009460535404556047e-01
3.144129320182516008e-01
9.191405504921972280e-01
9.876808485912886848e-01
9.195707902084733210e-01
3.800373612571112947e-01
-6.535828348276115918e-01
4.187972885951736224e-01
-1.447843039010607846e-01
6.808062342303267123e-02
5.164114340733756414e-01
1.027509019776011723e-01
-5.817345377404363749e-01
-2.197101363035098842e-01
-8.418782680545393582e-01
-1.089755622758901143e-01
-7.780217278779999468e-02
-1.861484644074569150e-01
-7.490097188283195706e-01
3.067004511453248483e-01
-3.302718320049111700e-01
-7.820932201714456689e-01
-5.516809780498526106e-01
-7.247508523694889959e-01
5.698440879478596788e-01
-3.462572875087150948e-01
-3.995084825294625830e-01
-5.747031441362839832e-01
7.564130161593090040e-01
-9.912429073844264416e-02
5.478311280529377658e-01
-5.400967774731073590e-01
-5.623499569968739564e-01
2.652629900332568180e-01
4.092155922182663108e-01
3.742735441169484645e-01
-8.473380797485297045e-01
-9.608356116125251756e-01
6.540009838316585000e-01
6.832788972660372995e-01
4.213542537462200421e-02
1.195721136104808124e-01
-6.175836923089037533e-01
1.388532799781623250e-01
-7.303828851553966217e-01
-3.119128929969803288e-01
5.789177573622450446e-01
7.814424088096882937e-01
8.787647536534306525e-01
9.411697484470902264e-01
8.109430658932192948e-01
-3.346691974064350816e-01
-6.991171746776165818e-01
9.917431098233575604e-01
-9.646964455061204369e-01
-5.481044598453292949e-01
