2.668759448299899084e+00
7.651289082805736719e-01
-8.842128478639799116e-01
-4.538611473937179674e-01
-1.437756066622580597e+00
6.619498197575184317e-01
4.233874549325236658e-01
1.932338123147378850e+00
1.330001337929456184e+00
1.167090365045639233e+00
-5.735806424701059836e-01
3.572142549286443813e+00
4.307038334640722610e-01
8.855749325181656584e-01
-1.891558604880009931e+00
-6.126843793224598933e-01
-1.675042070671129757e+00
8.365057409114049491e-01
-1.308062976545768974e+00
1.582147265858084406e+00
-7.397365600578535982e-01
-3.626373167718748292e+00
7.935719459347145843e-02
-2.537936427354600344e+00
5.735285070046087785e-01
-2.906859340091131561e+00
7.965045400247761087e-01
-2.554101119596791314e+00
5.050147031220612037e-01
-3.539975660187565154e+00
-8.401474508922823770e-01
-1.346517200719158591e+00
-6.887148126875913823e-01
-1.161747137594297374e+00
5.905513568744734654e-01
-1.050028570536222450e+00
7.208750314619856159e-01
-2.233638600707574806e-01
8.512918285842996369e-01
-3.355892285636467021e-01
1.228244947857414449e+00
1.232531525920087967e+00
4.365715186255672009e-01
-2.254276295882573500e-01
-6.019999679847628515e-01
2.640350385544635969e+00
9.177816740208619706e-01
-1.652589493479255656e-01
2.489207078059568978e+00
-1.052455056626698582e+00
-7.993004063180502161e-01
1.836216586178746724e+00
1.180490406438545303e+00
-1.229118236568753492e-01
5.688410414057076814e-01
2.689730238354215430e-01
-6.050327949058949883e+00
-8.881402764889381185e-01
2.031785189396546176e+00
3.660541620483587888e+00
-1.132167161379653786e+00
-1.070890144174216463e+00
7.489008510584154177e-01
7.317970781295181082e-01
8.068282511556592596e-01
-8.949394256465719177e-01
-3.365751203791917945e-01
1.533237773979434060e+00
-7.395242905286445456e-01
1.785567286985927149e+00
-3.505634370405644518e+00
1.933099113081469200e+00
-8.772508750578315029e-01
5.738834185124819243e-01
2.371792929296177022e-01
-2.691740004639749273e+00
-1.282303644669251730e+00
-9.431266169503459418e-01
1.621784898547066422e+00
-6.956215827253253714e-01
-9.225163894282182309e-01
-8.892730101528205644e-01
2.628614304215087794e-01
8.482394494786993366e-01
6.220874557851820974e-01
-6.258938212600745343e-01
-2.403207657836158306e-01
5.913079337536528701e-01
-1.345049479308573215e+00
2.653195902805765449e+00
-1.405236151998012328e+00
-1.409377835280871682e-01
1.933465411184642102e+00
4.216356153596992895e-01
-1.973603688126537081e+00
-1.451901311805053885e+00
8.304985388079859643e-01
-2.120469242365972562e+00
-6.451401197536545951e-01
-3.715580413912620283e-01
-7.945358877599906222e-02
1.048953165439673318e-01
-2.420023482738065557e+00
-4.118223177392922985e+00
8.560005556683084604e-01
2.381714201369110606e-01
-9.606970322776816618e-01
5.267051216189586604e-01
1.288568312110821790e+00
5.200748474518064324e-01
-2.039964717627776203e+00
4.659535225335261766e-01
-1.676865796501649797e-01
-6.350602878813098595e-01
-1.478340933276267588e+00
-2.768302395449173225e+00
-3.472355570210170495e-01
-4.770359416535028263e-01
-1.440996819340114588e+00
8.661800905975498566e-01
3.928564871392411506e-01
2.734591459387290868e+00
-5.577374478781198519e-01
-4.010311966643131942e-01
2.002039192637796727e-01
-1.738837184315083606e+00
-1.712912104716177719e-01
7.254493441111635743e-01
1.558023459118847764e+00
-3.869599254420692525e-01
2.686632235300302263e+00
7.872137476408719303e-01
1.133970788090005621e+00
1.078482605952592710e+00
3.953140031075533578e+00
1.092152688669258964e+00
-2.339640761075023612e+00
-9.604832227731209260e-01
1.980285698253395621e+00
2.149456340981827474e+00
-6.776340874475768050e-01
6.050002171714833343e-01
1.343768904066559244e+00
7.075766472551703323e-01
3.086357736520661810e-02
2.220124675281229809e+00
-1.174129365139099601e+00
1.907335588776195134e+00
5.943896447865257837e-01
1.078116953313879023e+00
9.592018116478688849e-01
1.398155726755093475e+00
-7.344065234940841957e-01
-1.375133571443151181e-01
-2.369667880965356521e-01
5.593384810013140029e-01
-2.860304095467760099e+00
8.427873274263033565e-01
-4.747527752610337659e-01
-4.588630531775259591e-01
4.718253520311548321e-01
-1.007510502738293012e-01
2.912880998607146665e+00
1.844722429328374158e+00
-2.176402998482668827e-01
4.297353640947150222e-01
-3.027254018868245744e+00
2.074668967642766537e-01
-6.143891380730543972e-01
4.795604278923235597e-01
-9.687164221993187496e-01
8.137292611844413326e-01
-8.849551592937783262e-01
-3.160241787898303567e-01
-1.681553031639564155e+00
-1.116224069864956592e+00
-2.437710962335217779e-01
-1.178080124126623662e-01
7.172123144395005367e-03
8.210687939764508281e-01
-7.457697265936823472e-01
-2.623917026922444329e-01
-4.374221154126156641e-02
1.291465901814765616e-01
-1.223435057550440241e+00
8.974330103823455751e-01
-9.323236593923770466e-01
-4.705724527528999390e-01
-8.831845329107596010e-01
-5.742572654321729253e-01
1.504319763741973404e+00
-1.030937947267274168e+00
-1.427195008857266245e+00
-1.142589512330826729e+00
-1.718110324655448995e+00
-5.430066914933278088e-01
-6.393580019542328685e-01
-4.503770739625156949e+00
7.620793066492504986e-01
4.782086005104857485e-02
6.041838591466600628e-01
1.136940008990514173e+00
7.714465238965826366e-01
2.600270350176059342e+00
4.345739866369209836e-01
-5.822281430474484099e-01
-3.908702556985669041e+00
4.394635446853563665e-01
-3.160721349456970808e-01
-6.549243575763060043e+00
-5.111363166052627083e-01
1.619600215017694467e+00
2.987530248793739851e+00
-1.589616915921843177e-01
-7.877475780551257412e-02
-8.041472167569183593e-01
3.737497680015544610e-01
2.519255101458298896e+00
1.534450458304493781e+00
9.682353884220777918e-01
-1.907784588071569365e+00
-3.870164521707482042e-01
1.676586827520469836e+00
1.148816103309024950e+00
-4.782463671241515279e-01
-6.128355335135197146e-01
-1.124181036687887936e+00
6.480674154539602938e-01
4.414728414919977806e-01
-3.785543028320782488e-01
-7.774595902678773651e-01
-3.067496294106990540e+00
8.608874922380385097e-01
2.201850900430596392e-01
8.191089882053135263e-01
-3.697460979141431459e-01
-7.098976490509931736e-01
-1.239060962815030642e-02
9.126283991722283773e-01
-1.933904418366744205e-01
-4.741218859908273853e-01
-3.593966437306623796e-01
-5.695631043323359233e-01
2.499757503498823752e+00
2.603112006583002014e+00
1.920815086799341209e-01
2.715739823173249246e+00
-5.793453487039257332e-01
1.736333341922507989e+00
1.037615506504304896e+00
-1.714983034929440819e+00
2.480450954650349482e-01
-1.123252127850522530e+00
2.398926354498246427e-01
-1.316628520587766360e+00
-9.763469766843131392e-01
-2.263552870148791918e+00
-1.385976662225407274e+00
-3.603845117570808609e-02
8.325699069320261492e-01
1.178023503717283260e+00
5.617447535295293504e-01
3.551034301429232265e-01
2.611673028437275779e+00
-6.320509450195974654e-01
