-3.547919172436272417e-01
5.857872507174058940e-01
-2.298367710740611969e-02
6.547328173466694379e-01
-1.566767472026179941e+00
2.203319212781620351e-01
6.709122426688003404e-01
-5.041543361820075564e-01
-2.583622505819632487e+00
-6.450744547222075909e-01
7.930047903096131279e-01
1.929670899985438393e+00
5.834429177291069468e-01
8.042744575271367768e-01
1.557103756296922104e+00
1.711353785187499366e-01
4.106892696915831475e-01
2.043820138078818349e+00
-6.336678904064996232e-02
-3.116599529825891945e+00
1.465732025060699772e-01
-2.789113280365416614e+00
2.576894851555904253e-01
-7.678628363614348196e-02
2.624888827375737588e-01
-4.632299733658126195e-01
8.323524164759898980e-01
1.545426186903477994e-01
1.390768826053533358e+00
1.115833471605987448e+00
-5.328602640207796837e-01
-1.212871196453567446e+00
8.792968583651237235e-01
3.620135423663313201e-01
1.287134656310166214e+00
1.134686071284826570e+00
-3.458546308055221452e-01
-8.115816216441090747e-01
-8.511294568904017588e-01
-1.532004406785529849e+00
1.493260891254968303e-01
9.596513609515494592e-03
-3.056124832690044757e-01
-7.440338537329647117e-01
-5.700067736936418328e-01
1.622901365258634820e+00
2.214836197001391227e+00
-3.472080674779836063e-01
1.659516348310174028e+00
-5.262212230984586459e-01
-2.121737013848866482e+00
-1.753294031917784768e-01
-1.530891367466284958e+00
3.995163389600160819e+00
-4.654020877795332911e-01
6.103386524266953828e-01
-2.502401996416779184e+00
2.251520292637669396e+00
-1.049056446791297059e+00
7.309852515513632909e-01
-1.433703616135317382e+00
2.669059404505851774e+00
6.563173867666494132e-01
2.038328187523782697e-01
-2.234847163716698670e+00
-7.261307792853526344e-01
2.672223020274016037e-01
-6.767256102823886454e-01
4.891828397438632292e-01
2.894204956227410808e-01
1.431749335428698311e+00
1.112420017589353494e+00
1.084399182804208106e+00
-1.235432866301823696e+00
7.009511945273705358e-01
-6.243246221976731514e-01
-3.504291571254036786e-01
1.099141188040288597e+00
1.608439022108074212e+00
-2.364446913503648773e+00
-1.848506313915867949e+00
-9.432849211467432271e-01
7.376361247640027541e-01
7.261566247764354998e-01
7.981807543538981253e-01
-4.768957670381670511e-01
-3.410267573209841974e-01
-1.181709357408226024e-01
1.255639827950346399e-01
1.449819695364472416e+00
-7.398968574956280575e-01
1.432542709419566407e-01
-3.102837186774163314e-01
-1.882648235620765220e-02
7.342784686332406441e-01
-4.357576980993063676e-01
-3.942289159560035117e-01
-8.324433744280921310e-01
-2.684700577950220324e-01
1.537636739651453865e+00
2.892639270890366987e-01
-9.588413136954651028e-01
7.572774638419307314e-01
1.232388776486975424e+00
-6.458451789791502806e-01
2.302043261988826917e+00
1.121394837455815807e-01
-2.540927388598829051e+00
-6.534206105883682003e-01
-1.847414453150707514e-01
1.549681951596331153e+00
2.460373792107792834e-01
-6.572952106060399036e-01
1.226015913546912639e+00
-3.061639564877962627e-01
7.265377799200822828e-02
9.354421651968878315e-01
-1.655999099275153430e+00
3.387433827278791831e-01
-7.083411579633549504e-01
-3.502225957847100446e-01
-5.082191967115787801e-01
1.707107491418329959e+00
1.661815389634524465e-02
-9.343435112875435600e-01
8.749079306043041626e-01
7.405813119115007837e-01
5.916218229649103932e-01
-2.489058129085612858e+00
-1.602128299084635499e+00
-1.825155521871471898e+00
1.104799243887857330e-01
9.924796364858232689e-01
-2.029770796569420721e+00
-6.074205061747934842e-01
-3.916898263937676372e+00
1.013137719507518852e+00
-4.965567138945594650e-01
8.877488704465360397e-03
9.273713189896101161e-01
9.767538383708951333e-01
-7.839191842051105308e-01
-7.302127940864311384e-01
-9.676789544146009447e-01
8.928725782128839050e-01
-3.987747951056157536e-01
8.358458931116671264e-01
-7.439388762928589305e-01
1.336928104979105747e+00
4.834680948173610826e-01
6.494530933300421971e-01
1.848776329397848084e+00
-1.353534327289772410e+00
-1.854620452831105659e+00
6.100969585315104693e-01
-3.461722840520022881e-01
6.186789598082855779e-01
8.943386294817652349e-01
-3.733896968071666933e+00
-1.216698364947175204e-01
4.407654714586393130e-01
3.580890834850962712e-01
-2.363390309575155168e-01
-1.068060252460373949e+00
7.320383051042469447e-01
-2.298865654773293965e+00
3.937275638148088341e-01
1.391221800546643461e+00
-9.160657718625728752e-01
3.315047582949283145e-01
2.019974452789527142e+00
9.948355917780454805e-01
1.328795430447431647e+00
1.860539081739608580e+00
2.578772158377698354e+00
5.767217798896664971e-02
-1.424740171755848106e+00
-5.813964122658310529e-02
-2.943505070717272520e+00
1.752895990770689805e-01
7.779124877712326747e-01
-2.050654355118716410e+00
-1.236878925896104153e+00
4.261701443230514474e-01
-1.336143919472248642e+00
7.392619610702790833e-01
-4.495307040285363431e-01
7.164480422463107567e-01
1.526837926430563819e+00
-7.061342175659666154e-01
4.481464145284337341e-01
1.277251501021227642e-01
-3.301300543838686652e-02
-2.369846876913956457e+00
-2.007427592294938279e+00
8.737345510583853780e-01
-1.277458348991684423e+00
-1.603797402131322825e-01
4.149695798370955924e-01
-1.247506709904351307e+00
-4.367428604904913803e-01
2.769142580969190526e-01
1.762651425108643810e+00
3.398875608391008218e-01
8.894835102733067433e-01
-5.677355451639237716e-01
1.628004175364897943e+00
-1.970368391267427244e+00
-8.147399006025484169e-01
-2.503023874829195528e-01
-3.777792072086423314e-01
-2.382832593148414002e-01
1.117685158740200801e+00
3.292692094943632242e+00
1.409128385138377793e+00
-8.304630584129765181e-01
-1.894677813478219175e+00
-1.147347681624112103e-01
5.966193268887940437e-01
5.468564962111909233e-01
1.130535725877107822e+00
-1.974263200617197622e+00
-1.408319614754218740e-01
7.202046954525778144e-01
-4.047751751606388559e+00
-1.139539301465081200e+00
9.256420285410729143e-01
9.198283169662776482e-01
3.359154022746986823e-01
2.855502355970193751e+00
-1.033486722767503307e+00
6.873016724577722947e-01
8.727176865646413262e-02
-1.206357034649907733e+00
1.025027683578896509e+00
-3.820439246767195485e-01
-3.746688974650514981e-01
1.378830099365055739e+00
-8.495082049855112727e-01
-1.140803001565842134e-01
1.032831049444745242e+00
4.821593317766132980e-01
1.170939518656925360e+00
-5.392318874133756879e-01
-1.299370537975045314e+00
-1.620570306366034607e+00
1.435274287246921521e-01
-6.404476368593905455e-01
-2.402416018470576731e-02
-8.296944265972258092e-01
-1.053186755959098830e+00
-2.592876418983300013e+00
7.499281780561433131e-01
1.762790940889837898e-01
1.695495622557098292e+00
-2.450299647751030541e-01
2.245657149475142056e-01
2.951602096365391059e-01
2.869429052005516567e-01
1.786647250705206691e+00
-4.423562818300499910e-01
8.261919243610886809e-01
6.816088937336102216e-01
7.974472434948128852e-01
-1.205169908784161414e+00
