4.314653923147839798e+00
-5.876119689851962979e-01
-3.906288132863229290e-01
2.936399347593817710e-01
-2.253637214733362759e-01
-2.433291277088666327e+00
-2.647246676781798147e+00
-2.900280435120724531e-01
3.547387596748553307e+00
2.069396662435887269e+00
8.692751144266099850e-01
3.103719467005936039e+00
5.328865225859529264e-01
-2.362121114147874290e-01
-1.360644513577653036e+00
-1.765695139558444593e+00
-1.196758037715393908e+00
-6.240528747877482907e-01
-6.878594713116664705e-01
-7.368312338888652890e-01
-1.156252231701872635e+00
1.605837043725200086e+00
1.522979078619430826e+00
2.125335153668634014e+00
-1.469103618787148680e+00
-8.644693375770040600e-01
-9.801852157777687369e-01
8.804402665085866442e-01
-1.822859384619404777e+00
-1.896026530945587263e+00
-1.664866301562340833e+00
9.706416627543048570e-01
-6.064910733661663667e-01
1.501803673872796452e+00
-1.862904693331808081e+00
1.121298399567954407e+00
1.133642486737104882e+00
-1.308742554801765268e+00
2.280469245295059455e+00
-5.726201701115038456e-02
2.183937129588405135e+00
3.337164327453758350e+00
2.134866772937673574e-01
4.232275362411867192e+00
3.319334672985387868e-01
-1.978129241704627450e+00
3.851363110170165527e+00
-4.416805645612971176e-01
2.381143598967534025e+00
-6.849961953889311950e-01
-3.752350191066399443e+00
1.575221516409657019e+00
-8.887803137244053575e-01
-3.113437302600478240e+00
1.161122288439250028e+00
1.107470416452974948e+00
2.168467268698231476e-01
-1.042717188651231197e+00
-7.836921446508557376e-02
-4.199080506030390403e-01
-1.044326992963509948e+00
1.607989015631654084e+00
-2.137747479626324054e-01
-5.319664554224174946e-01
-1.308486026823688197e+00
-1.716374793099133544e+00
-1.204261190447941665e-02
-9.644767025409177741e-01
-3.954814594661711702e+00
7.823096869220225180e-02
-1.202861936996883374e+00
-4.134969725383228489e-01
-8.895659676318934395e-01
8.283629743856946170e-01
2.926217314001074987e-01
9.914681261228175391e-01
-3.038786962071235109e+00
-1.362678779478742053e+00
1.184954981293825926e-01
5.468091853662555568e-01
1.432623123137404253e+00
2.070206172594172944e+00
-3.285002776302376581e+00
-8.834768222873540244e-01
-5.612603489968415182e-01
3.017440219305422833e+00
-2.579241096920058762e+00
7.806298944155543040e-01
1.370790784732315082e+00
-7.169729169052725393e-01
-5.290264432090237001e-01
-3.849805619271029489e-02
-2.052449022537332635e-01
-5.072058128062081339e-01
-2.855568724834434136e-01
3.468709141969925636e-01
-7.703997483291131765e-01
2.791235212826075340e-01
4.318771724377841181e-01
-2.776382704642500476e-01
2.838949617846651674e-01
-3.181388639907710703e-01
4.290241745607039636e-01
-4.987001306386719790e+00
9.351015992495317342e-01
-7.046143430244811157e-01
2.067954638358041386e+00
-2.980647719651668970e-01
5.901206717429730020e-02
3.299535335281782444e-01
-4.705430124392142588e+00
-4.613277629728276263e-01
2.950512461042004708e-01
-9.081850029957574399e-01
-6.379540955943665548e-01
-9.995274010526948860e-01
-1.163317028228981087e+00
2.552606428697570706e+00
-2.250779944937323362e-01
1.347003873272929919e+00
-2.682977424505165742e-01
4.046014783888681188e-01
2.340305470836785418e-01
-1.509605022915858075e-01
-7.110306745758590008e-01
4.910680277307843955e-01
1.882859639369369509e+00
-3.415649745585215280e-01
1.496301642759624961e+00
-1.403604451710017909e+00
-1.916321247348802714e+00
4.463066580170283459e-01
-6.105363254579199150e-02
4.887130886909040184e-01
-2.357112513257439979e-01
2.047015938389536327e+00
-2.475861600544342789e+00
-4.456257885373909877e-01
-1.021113023495000327e+00
1.464775100308352673e+00
1.463574900301405357e-01
-4.365804522287570322e+00
-1.791156911273304564e+00
1.833608338789200376e+00
1.023231640067591153e+00
1.070626704672262841e+00
2.448898698869002466e+00
2.660425094231988474e-02
3.402664550052489911e+00
-3.629643969733520326e-01
6.182103955934292738e-01
-5.603261242480882531e-01
4.327128242575810635e-01
4.497259335425440874e-02
8.609951296288005373e-01
-2.081193952124460456e+00
4.231396957898074795e+00
2.412083290107845723e+00
4.196202003443322281e-01
5.228548060749727000e-01
1.916795974556651849e+00
-2.045646856398212865e+00
-5.468658287229144488e-01
-8.192595809315309507e-01
-1.859346856546478133e+00
-1.065946554022114245e+00
-7.449682385900586734e-01
-1.760331591591620670e-01
2.315845406367816217e+00
9.207634540423597080e-01
2.643286755920585929e+00
-1.780638358806500010e+00
4.026015914787739458e-01
1.610056774494645904e+00
1.128856640014359591e+00
2.655858185197169874e+00
-9.274223985767158229e-01
-5.102069761266512238e-01
-2.049100728880652866e+00
1.560013291852922368e+00
1.535003219738541036e+00
1.097913036004431797e+00
1.659389751457723161e+00
-5.289185920466910051e-02
1.047627200698771688e+00
-4.905128018857606298e-01
8.324355036107333738e-01
2.340201154922131543e+00
-1.055222727616151657e+00
-3.999046122322759800e+00
-6.059491772485756655e-01
-2.727902427823956089e+00
3.821106134283375200e-01
-1.080190042953567353e+00
-2.408504940873229527e-01
-3.769837168989562670e-01
1.796258604012812565e-01
6.651895594298098402e-01
1.653970067435457381e-01
1.677560784424375839e+00
-4.894290486891623715e-01
1.239083802713841997e+00
-1.838146305704416728e+00
1.618854162030489929e+00
1.044026646254222923e+00
-3.078758779697076786e+00
-1.287642104423807998e+00
4.360609038794580616e-01
-5.746905631408234516e-01
6.970507399606037380e-01
-2.222090532226176585e+00
1.159822101952599771e-01
1.812029880785194225e+00
-1.647327307487106429e-01
2.005648830983688402e+00
8.741094946221207307e-01
-3.863517156469832292e-01
4.097102131510833800e+00
8.737390850711459489e-01
2.197246845100814250e-01
-1.865152665249675046e+00
-4.478769692686048742e-01
1.909257138959371547e+00
2.300223218162935179e+00
-1.179093607387891041e+00
-2.753315480928312020e+00
-3.027453521993179741e-01
-7.115834054690526322e-01
-1.005246880573390733e+00
2.215210358516221945e+00
-9.982504149923723258e-01
2.654208733817464694e+00
1.684793784807887773e+00
2.429493770298466193e-01
1.602850544722403070e+00
-1.317936172130256267e-01
-1.610981187641087553e+00
1.922209793391444210e-01
-8.205860242562919016e-01
7.097621325758352029e-02
-1.559270482883686082e+00
-6.359010996014504702e-01
2.023030784484418643e-01
-8.930145918818610529e-01
6.076982708314102588e-01
-2.123452234902198921e+00
1.178571545267196319e+00
3.797106326830080314e-01
-1.271047737620839335e+00
5.040158494712332349e-01
-1.429245673910449099e+00
2.437170942030975063e-02
-2.344341100263978461e+00
1.789144646253429727e+00
2.167519771849961252e+00
1.477813869236469291e+00
-1.931138476787257030e+00
-2.117216332522919853e+00
6.040955288121552247e-01
8.294142758678164640e-01
2.275052489972738401e-01
-3.373491471899638938e-01
1.062612636774128205e+00
-6.966012353742889740e-01
-1.138919677918370343e+00
