7.172730680011052407e-01
7.432215101830561554e-01
1.498200245880436210e+00
-9.845379769768192180e-02
-1.606559388659704934e+00
-3.728095182475548164e-01
-6.917938821425053675e-01
-1.415652027530259982e+00
-2.664003135551162860e-01
-9.138188123633821380e-01
-1.473874619427808952e+00
-6.486173485661534954e-01
2.893455111910852029e+00
-3.943391003488923019e-01
-1.095042824598435605e+00
1.622600709099611960e+00
4.342824456999831995e-01
1.475367259534949849e+00
-1.029204832328265651e+00
-9.756729992304042920e-01
-3.812505001637185309e-01
3.225231539869435338e-01
2.917482469911700793e-01
8.006071378099386404e-01
6.075570338524187708e-01
2.363932358422391466e+00
-1.820791407334841461e+00
-4.849043024779660094e-01
2.539274643995022007e-01
1.529333424166094968e-01
-3.153269266990235686e-01
-5.456355729970217006e-01
3.153251601526505521e-01
1.251667919397483342e+00
-1.341442227410750476e+00
6.539552140206187358e-01
-7.137903042944216958e-01
-1.172534088812091424e+00
-9.179857038575183203e-01
1.444458631130550508e+00
4.508475043670884252e-02
1.601507741338490387e-01
-1.515013959961468260e+00
2.552140267743260860e-01
-4.959685590091778562e-01
-1.537072671665664636e-01
-2.916135870178315326e+00
-1.446600129300045223e-01
-9.674352321256902698e-01
-7.389284645416451802e-01
-1.051759177594094652e+00
9.862906727098019743e-01
-2.883478229682223670e-02
-4.329944444923641139e-02
-4.559770375928430042e+00
-8.592720008996619363e-01
3.893466842323476951e-01
-1.162857686155559511e+00
-8.512873081159419986e-01
1.060470144626530220e-01
3.032265847194342001e-01
6.457426783805222392e-01
-5.261844350775980450e-01
1.699468160647338744e+00
-2.653519252427008368e+00
-7.991679414011749749e-01
6.452576931972284768e-01
-5.666190337185994519e-01
-3.847928646138751296e-01
5.999642948322445601e-01
5.704450239132006217e-01
3.476779888772871807e-01
-1.555831624658332357e+00
-8.552261261332527731e-02
-1.599206188686081331e+00
1.555188224415942067e-01
-7.955804521354075121e-01
-3.962767573484593520e-02
8.106000419665230217e-01
3.660798418206735461e-01
-6.654698304982553658e-01
-1.008768677655202062e+00
2.968061544387929906e+00
5.016863851434338883e-01
1.303834167551654488e+00
-1.327544036387931836e+00
-9.985242603125454863e-01
-1.126992723738988955e+00
9.111480391996282791e-01
3.688575875756482381e-01
8.316492184714396885e-01
1.044265808407069951e+00
1.922489703353754020e+00
-5.202487506280062401e-01
-1.081369687184376982e-01
-2.596713593635304740e-01
4.776355543189753083e-01
-1.600258153074875844e+00
2.073247031873712842e+00
1.309091810076263851e+00
-6.593260891436293347e-01
-1.329356305562271245e+00
-7.591782962587650951e-01
-1.204826938690054527e-01
-1.547247432844718995e+00
1.585916600768301432e+00
1.475674994083692404e+00
-1.509340322539066914e+00
2.638225656955714093e+00
1.848091981312776078e+00
1.600294144374766026e+00
-1.079145488368450589e+00
3.881482582536034620e+00
3.775301349253263883e+00
-3.341954048158611856e-01
-6.525238168300848685e-01
6.856378829239866413e-01
3.842003126980584327e-01
-2.613942657798007385e-02
4.854615665015230008e-02
1.070897018546246304e-02
1.635439014262397128e+00
2.751658495207182753e+00
1.103865382054070032e-02
4.003977602001129732e+00
-1.413463125682013599e+00
5.903917123505257880e-01
1.937126677971809929e-01
4.566904134375399660e-01
6.182621377397375939e-01
3.828607398015352326e-01
-8.137156557430194059e-01
2.167530015809477462e+00
5.146643183931010057e-02
3.711052055070277467e-01
5.179399055764810633e-01
4.752996618527616235e-02
-9.416130288450337282e-01
7.012398858158550574e-01
-2.514793916421004916e+00
-1.887881520460712226e+00
-8.292131870567889251e-01
1.622224573048338669e+00
-1.406337513205240253e+00
-7.341954751286261516e-01
2.096146310393082191e-01
-9.006896824123307166e-01
-9.848244761871549624e-01
-6.770994848077594996e-01
-2.850750539917619175e-01
1.087016932357313115e+00
1.413749915090172227e+00
1.484733873425789774e+00
2.681475839421005869e-01
-1.168214070455085185e+00
-3.044398374629373460e-01
-3.065732009093051769e-01
-1.110375814265094796e+00
-5.153515429764994327e-01
4.781166841211745844e-01
6.385259854144662572e-01
-3.758815770876444695e-01
1.150416894182964889e+00
-1.929311508818274956e-01
-1.238569516008671156e+00
1.162132374264380541e+00
2.712480718371375499e+00
-5.089980527758239948e-01
1.420393870028990868e+00
5.457847352479505698e-01
8.168023270884561260e-01
-2.518121431982212055e-03
-2.565225427801568703e+00
1.451606005505161612e-01
4.230770716194856007e-01
-3.978712505307220315e-01
7.685792689983206305e-02
2.530636136422405036e-01
-4.022919776319910934e-01
-1.722087453539470570e+00
1.682691303479455502e-01
-1.408986157983092014e-01
7.676740788849589769e-01
-5.646371447726069581e-01
-4.586612826477951543e+00
-8.644878925387247670e-02
-1.657668611091472233e+00
2.316178382758726784e-01
-9.899924745362342904e-02
-2.754760442221819261e+00
2.189632689927610176e+00
-8.965059189818918028e-01
1.179886790528242857e+00
2.047047478545554355e+00
-3.017209887787741796e-01
-5.405202217401705589e-02
6.063838638141971771e-03
-1.540904514726139540e+00
-7.632156200645787703e-01
1.024444315635774982e+00
4.987600373320026925e-01
5.546389733459281546e-01
1.617504809297071189e+00
1.399114757019958244e+00
-7.832408559726153352e-02
-1.392882969831356066e-01
-3.047021983797597589e+00
-6.929455197451941384e-01
-6.548652227237552470e-01
1.257710425597775572e+00
-1.874771747121581011e+00
-1.925853625301197081e-01
3.118289487052212650e+00
-9.734673983070536440e-01
1.123771279292171688e-01
-1.013382367006775642e+00
-1.550474443103632582e+00
1.344635475298977256e-01
7.373312432322043364e-02
9.377379517999615555e-01
2.988100464443488313e-02
1.107796007280187123e+00
-6.233476062674458973e-02
-6.857064361594811253e-02
-1.197118830097781528e+00
-1.003258323177845135e+00
-2.900134725617612652e+00
-1.642489657885959797e+00
5.624861599509423105e-01
-7.463877166860855006e-02
-2.956217032957650925e-01
3.762486012552623826e-01
6.139004858924337338e-01
3.035303887767500708e+00
5.309359809761498017e-01
-1.551792632224098689e+00
-5.619551900361658969e-01
-2.312760109876211168e+00
2.544731912215675296e-01
-4.066585277033605283e-01
-1.974824265209338847e+00
8.864699332056227288e-01
-3.972983152834859144e-01
-1.225575262395980802e+00
6.577243174238152079e-01
1.036815927205058108e-01
-9.825692426574836880e-01
1.272412044743140846e+00
-3.779005394692747100e-01
-1.793199238029743681e+00
-2.368985593797889866e-02
5.433503292640886606e-01
9.875578434556233631e-01
1.512844165896617188e+00
7.839480203701097716e-02
-4.156161590589342314e-01
2.296166474856629947e+00
-7.798705007421433688e-01
1.394754463770083053e+00
2.811311439526707368e+00
-2.439374352810921742e+00
1.320247664805878518e+00
1.036769434700449466e+00
1.845177986897710509e+00
9.382750597929150338e-01
