1.350838081357424558e+00
6.770351882577549940e-01
-2.575807176473191018e-01
-2.340114603497720491e-01
9.864586805040416184e-01
4.886268132397275643e-01
-5.789077975003016352e-01
-4.133409320831191724e-01
1.242507322093649336e+00
-5.433018207593597326e-01
-4.328522205561644576e-01
-8.713885489074106871e-01
7.578094980082532572e-01
-7.623606306237655783e-01
-1.109455427846346431e-01
-8.619288542908785100e-01
-1.064984355460999010e+00
-2.027679767381909137e+00
9.517555625018769838e-01
1.683257378290270445e-01
2.255797079272350292e-01
-1.055747609525948372e+00
1.348929123351217063e+00
-1.073732424030198196e-01
1.203010255801479467e+00
8.029489038475965401e-01
-2.353699943755465096e-01
2.988244492940646535e-01
-2.498864784642782499e-01
8.675627242404928552e-01
8.013162258005868122e-01
-1.829299761856292839e-01
9.600249129500488809e-01
-1.041053358273407614e+00
-3.700834773352479345e-01
1.845568733634876946e-01
2.789068105141167542e-01
-2.991395833545196226e-02
-3.270782948016726088e-02
-6.388889819050465047e-01
1.266783201929373437e+00
1.807991757433971003e-01
-2.426860466619884527e-02
7.442279657494206280e-01
-1.076551741217723901e-01
-6.706079308117602888e-01
-5.685346969081561674e-02
-7.193314095358334104e-01
-5.888400381840896980e-01
2.054561709829263449e+00
3.822517337774763213e+00
1.684001187817183887e+00
4.128863861072544772e-01
-9.649985282426447597e-01
-2.698740654724939070e+00
3.141436095045425647e-01
-6.935199496484645287e-02
-8.316027544125648152e-01
7.189558557598014765e-01
8.889355737051665152e-01
8.915359425826085982e-01
1.112051533602687048e-01
-3.176385342634566733e-01
-5.852866264018969922e-01
1.022245682938716538e+00
1.130251353817275373e-01
2.098568879324968606e+00
9.680117796735590030e-01
-4.284801413506087453e-01
5.316565826539676465e-01
-3.399529096423083985e-01
-3.401496637087169095e-01
-7.441145875539805221e-01
-4.128980918228804420e+00
-5.952672248802570731e-01
2.580218506543222601e-01
7.552410466792991439e-02
1.036331577269445692e+00
4.434874432127482446e-01
-8.316776424900678144e-01
1.853372097768169358e+00
-1.768863947708605888e+00
-6.332092506474447102e-01
-2.391266879805999945e-01
6.945439886041959721e-01
-6.618665644058574493e-01
-9.814508828585219447e-02
4.320668154816654782e-01
2.020486860862436007e+00
-1.007387026593322243e+00
7.425517082763377630e-01
2.296345294706747531e-02
-2.255531233731039809e+00
-4.271415089458676650e-01
7.258788741095918429e-01
-9.618783320094821399e-01
-2.570760216863006153e-01
3.904853775877592525e-01
-5.091400181379912571e-02
3.498699384625151287e-01
-2.546434215508088794e-01
2.799599868641577949e-02
-7.392263226385646924e-01
4.191678084552763472e-02
4.403054561230910213e-01
-3.878104701380738484e-01
2.479353314180665624e-02
-1.045244519447070530e-01
-9.163167910335310307e-01
5.512829898066741174e-01
-1.751061836242745251e+00
-4.623662740603868837e-01
3.772605108465523216e-01
1.741450931240494437e+00
-6.451332546692534198e-01
-4.652841825887101823e-01
-9.226929997354555990e-01
8.442521219006149380e-01
7.481060185392707229e-01
4.736317262540068462e-01
-1.468708311757298546e-01
6.094459391893936040e-01
-3.765582899162088770e-01
-1.089764192265565423e-01
4.383239175282001021e-01
-1.202388664515499528e+00
9.011262695844041160e-01
2.415733419068362586e+00
-8.500368731688066060e-01
-5.199220356939702192e-01
-2.201363522677170503e-01
1.654433338833267486e+00
1.158025721466224844e+00
2.365743234146071572e+00
-1.673198864033169864e+00
4.281143197960874947e-01
1.604838877659618968e-01
-2.168214140047255434e+00
-1.235392145587262402e-01
8.777866108730336681e-02
-6.913487900433090694e-01
1.796716916229289307e+00
-5.138614758677484406e-01
1.846889677117149908e+00
-9.823949286758004718e-03
-2.546918394349761972e-01
4.743069595143512007e-01
-5.941890299906231743e-01
-3.515846232907964275e-01
3.919051092677690029e-01
5.579945100034217065e-01
-5.132869251249152498e-01
-7.008880540888822175e-01
-6.736885033420692004e-01
-1.814836235335399728e-01
1.266687547078268139e+00
7.675730159749893922e-01
8.190073562237165650e-01
2.209001294178292163e-02
1.848150536086142104e+00
-2.044930122588873855e-01
8.821445945515313802e-01
-8.221028897509672362e-01
-2.457695058202357674e-01
-2.712710358244692088e-01
-5.573619667172449166e-01
-1.037527007893335185e-01
8.146052565556012315e-01
1.159300995891094699e+00
-1.715207706677556732e-01
-1.079074739956015883e+00
-7.723261422938692000e-01
1.459662698818604554e-01
-9.175052607353952894e-01
1.605201859608265558e+00
-7.989392424235625123e-01
7.043344077460345076e-01
-1.074895736782139899e-01
-4.899174117499214276e-01
1.677761799099982909e+00
-7.982256993841456705e-01
-7.783288261680334497e-01
-9.244309290550546399e-01
-8.048130848982353314e-01
-4.146213562745824088e-01
6.180506324407318841e-01
-4.762464989816832528e-01
9.203370822233141180e-01
2.333424816651945288e-01
-1.065724298060212849e+00
2.064795549054204926e+00
-9.237052110863313015e-01
-2.015363498967301936e+00
6.532071133453318801e-01
-1.077484368366645739e-01
-3.770185121139577600e-01
2.609283322990556542e-01
-2.953950733724979294e-01
2.818199172851537426e+00
-9.234786788134989877e-01
7.056355638495590554e-01
-4.982368906739609304e-01
1.735234013656050678e-01
2.275753524420554008e-02
-9.702311509369248022e-01
-6.786004267869905071e-02
-5.420016168649289812e-01
6.324066491525672795e-01
-1.107659559756383638e+00
-1.783169996102526245e+00
-5.854940159188586346e-01
-1.717043147030527406e+00
3.335344088194669432e-01
2.023879401619603335e+00
8.364946726602464633e-01
-7.103821608982439084e-01
-1.951531237666789487e+00
6.176770607482531261e-01
4.132631074186704723e+00
9.045440146551546601e-01
-4.215142612777353914e-01
-7.409309687290706048e-01
3.104741562756314632e-01
3.682044926601220070e-01
5.432841901455489619e-01
-2.078624028948794500e-01
1.609174580350163808e+00
-4.531237677586642532e-01
-2.844538241388434585e-01
5.899874597212015903e-01
5.573530685788594674e-01
-1.376610134041293287e+00
-2.477371181191921234e+00
-1.358310416049516078e+00
-1.908558814610272769e-01
1.085694853281848227e+00
-2.329024073022464059e+00
8.871258715722143418e-01
-2.880258914772659828e-02
1.070156942506949704e+00
-1.876738669329607312e+00
-5.074968281404843573e-01
-4.160940730874700400e-01
3.176270455188684672e+00
-1.625158622138720976e-01
-8.361329694403688562e-01
1.602500822996900887e+00
-2.156919795447777677e+00
7.697508063814432200e-01
-9.187315857048035106e-01
-9.046369411327586096e-01
2.324807564906389956e+00
3.080540638198894232e+00
6.042377499779878480e-01
4.823024274204803508e-01
-5.909312886253637043e-01
3.618782402653852870e-01
7.230772775016836018e-01
-7.261429423932551641e-01
-1.404523522486067488e-01
-3.107537627438770489e+00
8.391712783675115972e-01
-3.799986218707107621e-01
6.496872473510504342e-01
1.532181275188733593e+00
