-2.304711440277542600e-01
8.730939918611404504e-01
-9.500553339091959426e-01
7.634203014386220509e-02
-9.025011445201569504e-01
3.302959044012108158e-01
-1.661663151521364234e-02
-6.262922618752175818e-01
-5.238579870211257372e-02
4.890233566393540343e-01
-7.260981367251964080e-01
6.320161323118775876e-01
3.757549948420302321e-02
-2.558897138986131470e-01
-9.441920248029231910e-01
4.967699940221681487e-01
4.728712448016789693e-01
-1.905935722292617651e-01
9.851803328449022512e-01
9.965328321625557262e-01
-6.365154030644646355e-01
4.960116883990459691e-01
6.690658800796636108e-01
6.387607904085046417e-01
-5.286612522776688028e-01
4.657406695991439527e-02
7.166665642987732898e-01
6.224465187374428332e-01
5.715046611555432143e-01
5.058465137226884067e-01
2.875952282764255852e-01
4.552367545823621242e-02
-7.793667969771935766e-01
-8.175297107257994966e-02
6.262368547891161707e-01
9.689343748991958716e-01
-9.354753119838310482e-02
-4.821531471888131914e-01
-9.386935325172489630e-01
8.941405954452266158e-01
7.492076478595555145e-02
-3.355343236791914485e-01
-6.147003217788082896e-01
3.058272786489522055e-01
8.467596427362156231e-01
7.708425177147186780e-01
4.712845863232464350e-01
-9.030100729801924242e-01
-3.123767171620626115e-01
2.879820637098648994e-01
3.207705671490674870e-01
-3.991284470096381209e-01
-6.899464502607810523e-02
7.304528584644081057e-01
-4.643947796589036336e-01
8.040771451326584884e-01
7.933315718021320961e-01
-3.797619006698806920e-01
-6.382354355615056374e-01
2.405077879984838241e-01
-5.292290750928556609e-01
-1.906220620843146474e-01
1.246078901396761029e-01
-8.985080476472673272e-01
7.351411656943949158e-01
5.515640726163548724e-01
7.933143418583845641e-01
-9.440448574330637665e-01
4.826477857162567719e-01
9.308717663327648051e-01
-7.963845661072157522e-01
-8.632471267314170138e-01
6.684515198985956363e-01
2.550124837717735460e-01
8.040619620372568832e-01
-4.426693092001965368e-01
-6.349772225110972279e-01
-3.786016953073865210e-01
5.748974132663917658e-01
-2.599038069153152275e-01
-6.620790669964971009e-01
2.729016412593283647e-01
-1.539914938644246778e-01
3.634233652194076569e-01
-8.848875926864439023e-01
2.585726104253915913e-02
1.429300323972209075e-01
8.305254799110579622e-01
-7.167379136803835316e-01
4.766292079634846246e-01
-3.278860661961990886e-02
9.600831953787738460e-01
-1.615189659155384927e-01
4.976186302421259366e-01
-1.083678903984950370e-01
-5.717345754258262858e-02
9.699647531503963194e-01
-7.049323527657285204e-01
-7.332665510695624000e-01
-1.353990188816323048e-01
9.797961281440319414e-01
-1.391010622840638256e-01
3.983731240597390144e-01
4.246742784624333300e-01
-4.600942820919136089e-01
8.841648260933119285e-01
-4.996787563619295991e-01
4.680902319165183290e-01
-3.599348015641050669e-01
-6.592484816544088577e-01
-7.464986939959206147e-02
-9.119581523337318973e-01
-4.008910952082784807e-01
2.463984797861982212e-01
-6.994813348063617653e-01
-2.622375395297349421e-01
2.257128890358872653e-01
8.272855933583178611e-01
-3.329071655267312746e-01
-5.253500663241632562e-01
-2.788463893823478479e-02
-8.128979504992985827e-01
2.021697488635121331e-02
5.377867485004570458e-01
4.546786022839905961e-01
9.917519700903423274e-01
5.792738058445401350e-01
1.885552525183464834e-01
1.869895432088608533e-01
-5.645213259239223458e-01
-1.256018958949804976e-01
3.255453595973207825e-01
7.756298321740406898e-01
-4.301557093517491825e-01
-3.969772890596550141e-01
-5.715731149364147168e-01
6.544783936297984273e-01
-6.081017344492940513e-01
-4.745706913301006580e-02
-7.363427652827760905e-01
8.373706374891867199e-01
2.183973562169283511e-02
-1.241213705283241708e-01
8.395033907412658980e-01
7.997250743172381604e-01
-1.002741844832490958e-01
6.354796151589958697e-03
5.501452226412999469e-01
3.277876823672483120e-01
-8.371581062753128410e-01
-2.387460611114884390e-01
7.837383522428338356e-01
-2.892322308774857298e-01
4.461415357499598500e-02
5.002636594033709194e-01
4.945624808117818905e-01
-7.637482175339136425e-01
7.511144786470340673e-01
2.172955561174096939e-01
-9.589691433892306716e-01
-1.253706137871057891e-01
-3.310390039688471120e-01
3.815263373657991064e-01
-1.953955433629788185e-01
9.484710710579096204e-01
6.051707557200340926e-01
-6.698618900354071926e-01
-4.821855194972730629e-01
-4.266375656016450080e-01
-8.397615773384088378e-01
3.314910601231182419e-01
-3.602853844616566992e-01
-8.806604762417467036e-01
4.657193947825657432e-01
5.258598520988329028e-01
1.011294766181558558e-01
-8.694874413696807025e-02
8.197113757710596804e-01
3.623147225446812225e-01
2.997947017426261240e-01
-4.642441136384221068e-01
-5.501080310049071276e-01
-3.953164249632803440e-01
5.487588563982754852e-01
-6.922623884949197226e-01
-6.695245251381383156e-01
5.276324325977150842e-01
6.350534731899089014e-01
2.535385665076264061e-01
7.406681894418720713e-01
-2.409536455796053023e-01
-9.232455036341400412e-01
7.253926523451923458e-01
-5.318974539532599355e-01
-6.461105931594883778e-01
-9.985456914221113589e-01
-5.335734030546055440e-01
3.499457953524625076e-01
1.948279379472548367e-01
3.707053153706465487e-01
5.441495681919299443e-01
-7.875765389262716631e-01
5.230966557441323328e-01
-4.017375991814675640e-01
3.736514225454887761e-01
7.038590435259255429e-01
1.065541316371376723e-02
8.375573539073415397e-01
6.729447379741217983e-01
-8.907557156665195652e-01
-9.597551616109241124e-01
2.310791227141679727e-01
-3.893967371022477586e-01
7.549340682905973932e-01
-7.180555832027926133e-01
-1.805381235661192019e-01
3.531353499217482206e-01
6.743465454635091394e-01
3.542500127420344924e-01
8.979579549811098627e-01
4.148016242086796090e-01
3.785404754095538227e-01
-5.925274120837693559e-01
8.250994709266994409e-01
8.968453610645823471e-01
8.992998594236045751e-01
9.686975648858884291e-01
-3.726133798545920861e-01
7.324859621864072690e-01
6.923567480858894285e-01
6.165715305573651328e-01
6.879162854127041093e-01
8.420715588872549340e-01
-6.576587439482544095e-01
-8.351400296472801799e-01
-9.624401978768948318e-01
-1.865651687679479309e-01
6.491539786962923220e-01
8.951568694291502926e-01
4.293942649686763868e-01
-3.626253238526888634e-01
2.376715342395452346e-02
7.491038864451784463e-01
7.059009596966288047e-01
-8.719462919908078646e-01
1.076932261983885031e-01
1.667119269513845925e-01
-1.469781797538523005e-01
-1.906667393771639407e-01
8.963279162744639539e-01
-4.492378772737046777e-01
9.137365660846523685e-01
9.456058084068512670e-01
7.004795801852092829e-01
5.590069721297163952e-01
9.440144254547679914e-01
8.038929242640340256e-01
-1.906578123907309852e-01
9.552932192445997561e-01
1.652445018694130852e-01
1.614841818242438443e-01
-9.792926203932916795e-01
-8.880169183820061374e-01
-2.393845271595917978e-02
9.557003676041240237e-01
