9.773501346339918960e-02
-8.367781453877884967e-01
-9.986122617173511795e-01
-2.761382293656549081e-01
3.738593555965266102e-01
6.051625531127213797e-01
8.635674965099848777e-02
8.577563169159061474e-01
6.897845474804955579e-01
-9.917397186702756606e-01
-9.393358274050183088e-01
4.029276757795166031e-01
-7.415243305452845490e-01
1.293927857039847140e-01
-8.805322118612111115e-01
-8.271732016771340401e-01
6.406054712005071483e-01
-3.738197647565217885e-01
1.521406946667198667e-01
-7.679318276292621537e-01
6.713175747320474507e-01
2.546275268554427651e-01
-8.906123069278604198e-01
1.699651175469283348e-01
-3.437373489616628586e-01
-6.927947414200632537e-01
8.832475298676265574e-01
1.422277904679014604e-01
-8.597381404009083461e-01
-2.930767573964896400e-01
2.719458361625060050e-01
-1.413633235543230171e-01
7.902862106958772337e-01
-3.469017402994563071e-01
-4.595897236291768273e-01
-5.401258320530113455e-01
-4.369363093268028297e-01
9.079412711294652105e-01
2.910771238144131967e-01
3.089718788761257606e-01
-4.209879339801336773e-01
-7.316988579895089551e-02
-9.071574165539582069e-01
-6.222256152384078032e-01
-5.403449624703349219e-01
-5.231411752343675392e-01
5.292011249235972770e-02
-2.063499201045027043e-02
-5.274687530129185120e-02
5.442621855579337087e-01
-7.074745910374609092e-01
-6.699623380502415237e-01
-5.606507905556543658e-01
-9.823008871258083197e-01
3.401423600177009288e-01
-8.521471272271021746e-01
7.747830804699209484e-01
-4.659055265743863306e-01
-5.882407450661517601e-01
-2.767441191000574729e-01
2.505970359926974478e-01
7.260313747025166631e-01
-3.883443269964088618e-01
-3.602853218345281050e-02
2.671341806420084453e-01
-6.083401068948215418e-01
9.282879084205444276e-01
-8.184713495061310962e-01
-9.153580312165945365e-01
-8.711587015617292540e-01
6.823967154043826255e-01
-5.600437340022177413e-01
7.003546438206231795e-01
-7.348398612034201527e-01
-8.259795877845230727e-01
-8.450206080330158187e-02
-6.268570428414177442e-02
-6.923187248614803835e-02
-9.813368474934518471e-01
5.371545778518049818e-01
3.548497082797736901e-01
-6.363532766896986548e-01
2.279943354702784752e-02
3.342003918632101556e-01
-2.974891775957484441e-01
-1.401657504257154407e-01
9.744132060991719246e-01
-2.400172728072127448e-01
1.269745047462760290e-01
4.481303707845796236e-01
-4.300266847801570425e-01
3.300979882734766946e-01
-7.275034308394245919e-01
1.603866707711960604e-01
7.742411238098347859e-01
9.058054270115791784e-01
-2.067709961255690398e-01
-2.244458584700219639e-01
-8.203203864266319645e-01
-4.226732599930120848e-01
8.700084178936435819e-01
-9.308533305676316427e-01
8.662519667990244976e-01
-6.884675616862188097e-01
5.080201082681523594e-01
4.735128653242468566e-01
-3.826848794122736930e-01
-7.442815294742874954e-01
-4.258392973879658872e-01
-3.885749470166455222e-01
6.350978666738600342e-01
2.884941736953985369e-01
1.285516511335311751e-01
8.219396132031948632e-01
-8.971989308089989290e-01
9.003638010289969351e-01
-9.349492946018442829e-01
-9.922392913984632301e-01
-8.631576913034686438e-01
-4.003143421026955640e-01
-9.509334571157253002e-01
-5.763305106554970081e-01
-9.799064704745303889e-01
4.916566909378965455e-01
-8.928617310971151966e-01
6.052538633151540726e-01
6.301300099523678977e-01
-4.878236777770172949e-02
8.244713782285146841e-01
-8.598181705426413135e-01
7.248198610266669561e-01
-6.272738279182372700e-01
1.586684009641932125e-01
-9.091475125534214108e-01
4.213580934410992018e-01
-5.559907324660628980e-02
9.950865255670164888e-01
-9.010128546666371641e-01
4.689366749482770658e-01
7.011080057639935692e-01
3.396017268907516318e-01
2.527748398839513300e-01
1.104157405477226295e-01
-1.175026279900832638e-01
4.915511346256329350e-01
7.599471098327374996e-01
-6.033775270580865602e-02
-1.513037709713731527e-01
6.277592473370425807e-01
9.662556134755788673e-01
-4.058294472586330137e-01
-2.761765347907945145e-01
-6.984676890600962640e-01
-9.249429937584117134e-01
8.825497376548456785e-01
-4.330313758066983709e-02
6.609705809957573397e-01
-6.350840784977653808e-01
-5.244541454609583653e-01
9.196322456643559740e-01
-4.304748765496251295e-01
6.989900550017358327e-01
5.571669569877266692e-01
2.819166455114345826e-01
4.931502457098093650e-01
4.258096411207581422e-01
-3.044159698430237704e-01
4.355111062702035074e-01
-8.579715440210742283e-01
-3.864109215733946279e-01
2.131651764367812341e-01
-2.510461577033968883e-01
-7.048853911008572393e-01
6.117588250746772705e-01
5.485383738391662600e-01
9.028475270666425079e-01
-9.166610427286743246e-01
3.820890107579002493e-01
4.339103081878903367e-02
-7.948304826455663274e-01
-4.799810843327951826e-01
-2.130212136481250962e-01
6.769444981178540655e-01
5.049182120449204891e-01
6.158244084051478495e-01
2.611269314927981977e-01
-3.107037563304688721e-01
-6.549165877281020176e-01
-3.359562490114047506e-01
-7.305345272273233714e-01
-5.575064159539893094e-01
-9.307999195462866027e-01
6.817842804355807029e-01
3.695533097687042634e-02
4.668574419169069234e-01
-9.683321614160249613e-01
2.625512288795326388e-01
7.242593502219587531e-01
-7.852554169512386828e-01
-4.407310072824330849e-01
-6.314773970220690646e-01
6.920068818311357894e-01
4.049370813415873460e-01
5.307789848528243759e-01
-3.673279147813441892e-01
5.413092971902224715e-01
9.994301136545586939e-01
6.123154910945356466e-01
-9.891562315000026473e-01
-8.919101768130410779e-01
4.377059434751573441e-01
-7.976699586076785309e-01
3.913957114212873734e-02
9.912006114340121687e-01
9.077062126495518690e-01
-4.917687260080234601e-01
5.038424845516780159e-01
2.446512284595188103e-01
1.534748227064406390e-01
3.471371764726787212e-01
4.002115510243455798e-01
8.457334075150713115e-01
5.511850932353499211e-01
5.409258767526803346e-01
-1.890281340593760184e-01
2.863479491795573040e-01
-5.768529665707076148e-01
-1.322954051310882839e-01
-7.288342944415293623e-02
-4.581812834396778999e-01
9.385757019699711989e-01
-5.321420934799481195e-02
-5.536521517860815145e-02
-6.691857442475852569e-01
-3.249812415578448022e-01
-4.068890506552285125e-01
-2.279964090976698277e-01
6.443548384603994261e-01
7.121429196671105188e-01
8.813688931661487480e-01
-9.006498023583295875e-01
6.936922604844075746e-01
-2.580055553522608847e-01
3.178918006679032349e-01
5.879674841221234072e-01
-5.065671808332501413e-01
4.034736861410002096e-01
-8.843117724293603210e-02
8.225267689907351798e-01
-2.844365447207231057e-01
-1.021693603520381632e-01
-7.678495983969655381e-01
8.454460712208202722e-01
-8.015401427043646887e-01
3.675865829084346004e-01
6.205422942301992428e-01
-8.940655303602698112e-01
6.895498731559590588e-01
7.389637296910793740e-01
-8.385520391285119501e-01
-2.554958795353574619e-01
6.918855722416044074e-01
2.072503365507796236e-01
-6.838920276898963202e-02
-5.385837233455517126e-01
