-2.757836383197660446e-01
1.706260366125122996e-01
8.211828494185782201e-01
2.860191966921392659e-01
-5.890022013465368023e-01
-9.000618815495231573e-01
-8.511163006504609552e-01
7.342764189628980809e-01
-7.517641029806403363e-01
-9.762760769352867296e-01
-8.794750654946008606e-01
-8.496947280506570443e-01
9.716160551575152571e-01
9.739681745836350490e-01
4.793882247009633168e-01
5.610547864847588162e-01
-1.710603969326043305e-01
3.807192750751324795e-01
9.101177638610498111e-01
3.932229064008927466e-01
7.258560477227866681e-01
8.015339985620453245e-01
8.673113754914196782e-01
4.063247681383448384e-01
3.931889087387505644e-01
9.861539908114955733e-01
3.815074067687862502e-01
-3.751016039100538713e-01
4.560904918313575251e-01
-5.630204886149963173e-01
-3.812975345597968690e-02
-4.716651099582014339e-01
7.522838415049788452e-01
-5.206858082542964450e-01
8.407445567614577620e-01
5.816293293016383537e-01
-8.521702050566606346e-01
9.365619984297774980e-01
6.727417399770201367e-01
-3.576108509275035541e-01
-6.175433679076469673e-04
-5.236134648311390194e-01
8.089938655247448374e-01
6.551659815987997959e-01
4.606216024776996765e-01
2.605649786331516449e-01
2.069604833654627996e-01
-2.186933739425762635e-01
-9.229016969992644981e-01
3.122659976915047597e-01
2.810467238846872107e-01
8.033529942701256310e-02
-9.213785152497728781e-01
1.859557407516738703e-01
-3.892915847491318360e-02
-1.135862348309535363e-02
3.901888467835898933e-01
4.558387848833380662e-01
-2.744073969590090645e-01
-9.851288010923424654e-01
9.443415147671636589e-01
-7.810407278240865114e-01
9.415748311359639633e-01
5.539668350833752974e-01
7.567791666994956312e-01
9.176025559307814383e-01
-6.919373949200740004e-01
-5.416267425489651455e-01
-1.116074443898640300e-01
-1.780156300412585324e-01
-1.798866606157552006e-01
5.389702298151111126e-01
4.375377925658825440e-01
-2.555953547740958953e-01
1.546732382767783687e-01
8.597012175319016514e-01
9.002393348863086953e-01
-7.076192116790098741e-01
3.764850922368530028e-01
2.379425120088309864e-01
-7.217469606150266337e-01
-8.431473848529655868e-01
5.187395161278123279e-01
-4.093495593375255925e-01
6.328987744134435545e-01
-1.612885509357875335e-02
7.244634961742117962e-01
8.255681107472954139e-01
2.837063959933545654e-01
-5.318624423524684897e-01
-4.287584190560602693e-01
1.477672451144209642e-01
-6.420793550345302858e-01
2.185236262263967610e-02
-9.737268621002177493e-01
-6.064568401311865031e-02
-8.425634212582502336e-01
-4.564705917614713115e-01
3.930678216520708812e-01
4.095228832057975499e-01
9.433372343910086943e-01
4.093717117126614014e-01
4.728037028626028704e-01
6.552369970447005088e-01
7.095853995317176199e-01
-9.881812470901316647e-01
-4.342970869280255997e-01
-7.613121144297574361e-02
-1.928441515883345669e-01
-8.920016132034045420e-01
5.542063919466784228e-01
-2.880400486072365318e-02
-6.521014365062300921e-01
8.307246319208196894e-01
8.422342167281813285e-01
-9.075660571262753606e-01
3.786707562460704946e-01
1.435139330467534169e-01
3.391481793526531785e-01
8.836448219231276546e-01
2.521588591923527023e-01
-2.032931660415355779e-01
-6.699635060244735207e-01
9.979874694126622536e-01
-3.013521328395543097e-01
-1.962910507800863513e-01
1.719269930782294509e-01
-5.660552263639138104e-01
-6.160134194778605909e-01
3.718215263433248818e-01
6.042323822861268567e-01
-9.261563397375034423e-01
2.075179645886109370e-01
-6.540542944619263110e-01
4.604354978014080224e-02
9.003158267721369512e-01
9.768838218630682135e-01
9.993812391187704147e-01
6.601151083302976286e-01
-9.495879533801097061e-01
-8.216904671703426644e-01
2.707678582434849268e-01
-8.162870908103037060e-01
-2.346659811385214400e-01
3.887600966676372227e-01
8.696649725642551232e-01
7.783461538667761914e-01
2.676236626951282727e-01
-9.315525834543345596e-01
-7.418345975199880371e-01
5.059737749163053522e-01
-4.410092450718789969e-01
-7.354508930400180944e-01
4.451965284481036456e-01
-3.639592312493120652e-01
-6.745434393723281907e-02
-4.619807593300815363e-01
-4.459359515205307822e-01
-1.268376195945637441e-01
3.120230023836199074e-01
-1.975849034735184251e-01
1.286066485831662831e-01
-9.474251739255827864e-01
-6.883558866582457636e-01
-3.381676529776425078e-01
1.392204144956452616e-01
2.112556994712957437e-01
6.142613025995253828e-01
-2.881821544594413975e-01
4.498306539460412701e-01
5.105150750961389150e-01
1.726591083251651781e-01
-6.295530933452881950e-01
3.183169735601980577e-01
8.822872379852151337e-01
-6.633324676548002508e-02
5.197703569521261446e-01
1.364477476432424119e-02
-7.367641156768480748e-01
4.007098049785715599e-01
4.867060176253834580e-01
-3.127824047634548688e-01
2.663983965548764044e-01
-9.341817644588323866e-02
-5.950139406123589048e-01
-3.629865020571987344e-02
-3.018689105884642121e-01
5.773097777936839758e-01
8.193281202182078893e-02
9.819399183416781529e-01
-2.865653336184978972e-01
-2.221625789453045563e-01
7.081643505423460550e-01
1.947592715000092678e-01
-6.393418572812672451e-01
-8.297875610503890886e-01
6.833974887838216716e-01
9.714036261969776209e-01
-8.501031256257447488e-01
-1.572113576254714484e-01
-4.517652566147578597e-02
5.406363354197012416e-01
-6.520281584151388365e-02
-4.724549859389901574e-01
9.523168627145002230e-01
-5.182741882466943562e-01
-2.032683876103162923e-01
8.272260645253264322e-01
-9.000548809038362297e-01
-2.944538745991465145e-01
5.561933123393236755e-02
-7.864479191850473061e-01
8.009348721070066457e-01
5.566703885200365853e-01
3.072562019921221133e-01
1.011057785492297523e-01
-9.457351193310681303e-01
1.483296374010953933e-01
-5.002565048622662491e-01
7.328495277073356906e-01
3.213018225794286309e-01
2.832584793322596717e-01
-8.580320027731409560e-01
-4.407494421777946592e-02
-9.704404345171611102e-01
-2.280904293687078255e-01
7.548064123857964880e-01
2.503064458824799665e-01
3.418963283516023299e-01
-5.407724002093496907e-01
-9.178824500248727869e-01
2.791207179799857219e-01
8.147633308177713030e-01
-1.196572702704630231e-01
3.848037885562782812e-01
-6.168334354816920051e-01
8.650473565251570740e-01
-4.040456530573182103e-01
9.591934297352873173e-01
4.810911267771973421e-01
-6.502035355916218062e-01
-7.129610471353942103e-02
-4.314861677368637682e-01
-3.414861136257818508e-01
5.237838382187101072e-01
7.342675977680737098e-01
8.910934958184588695e-01
4.764595965850570991e-02
2.775233575241233819e-01
-2.800306332152826538e-01
-6.406428030441182475e-01
-5.685822070342834156e-01
3.132248948911700026e-01
2.464431153385100437e-01
9.985131140133405303e-01
-1.650464715324930776e-01
7.584245645109179979e-01
6.269439009393360518e-01
1.403253836542037725e-01
-9.057644571262430944e-01
-1.381093635135428599e-01
-3.914818309272236618e-01
-9.218896140793497729e-02
9.072599529522931139e-01
8.721669784763022015e-01
