5.910194448487973151e-01
7.240438907367543475e-01
7.310007088600667391e-01
-4.679719879150903150e-01
-7.498100080621068475e-01
-2.845563565070376999e-01
-8.653484199383583153e-01
5.309173336576649138e-01
4.329375411642255589e-01
9.435133876948287313e-01
-2.594578519807129169e-01
-9.393133453063593485e-01
-2.687314702405878553e-01
-9.778978596921716893e-02
7.124306458909288597e-01
-6.564550799023403105e-01
-7.054613510261567022e-01
-6.099001572586055797e-01
6.237975784251303946e-01
-9.422098709920470050e-01
-6.316057103184922195e-01
-4.430215011059355223e-01
-8.570863750765924660e-01
-4.813873481818031763e-01
-3.707936588391829158e-01
-2.581355118325556752e-01
-5.719548780638694652e-01
-3.868576811040025376e-03
-6.950671461285002906e-01
-2.984229261341699857e-01
-7.603978747370463420e-01
9.630763134323356844e-01
1.673824819113778339e-01
1.213322681066242303e-01
-8.570699557933934010e-01
-2.667124619263296914e-01
2.557079036465561561e-01
-4.292993052846367785e-01
5.190197821466067118e-01
-1.058436497832970780e-02
-1.958089498118327221e-01
-5.911266779521000547e-01
-1.248115316718512169e-01
-8.526037167466327116e-01
3.447863732052189878e-01
1.737145535563870968e-01
5.817704139832580168e-02
3.047446057608227399e-01
7.607961133952729771e-01
-4.059677380286237369e-01
7.750560051391106597e-01
2.685233924041794396e-01
-3.444061032357770280e-01
-9.384549378904056827e-01
5.676513639800329081e-01
3.256993629053388517e-01
-9.993936923228650127e-01
6.508668593354682841e-02
-6.751350665103936777e-01
1.396133907501828642e-01
7.247651856164387674e-01
-3.246102031332704918e-01
4.420459710989987911e-02
-8.385420591517045441e-01
-8.859090006661098915e-01
-8.963702656882286401e-01
7.475352882801173937e-01
-4.495398279424602794e-01
6.633614511618164400e-01
7.189365674243823889e-01
-6.595271188278279961e-01
-2.136758246998107236e-01
8.380885071974368827e-01
4.709278452235146073e-01
-9.607666948221638137e-01
1.505469679880115930e-01
6.509221910894682495e-01
-1.236605558571506336e-01
-3.785123180915395125e-03
8.289470819479938246e-01
1.259803942244430708e-01
-9.863168757234259676e-01
4.882081249462293382e-01
6.630560130261404783e-01
3.399851366118775697e-01
6.346272324257076214e-01
9.548339433479389182e-01
4.917734524506010008e-01
9.830993309326034879e-01
4.978563961299742324e-01
-3.176590357457420577e-01
5.481044316036671749e-01
9.697807592482703409e-01
9.901455460543662213e-04
3.834681908707506803e-01
-6.934707408127416262e-01
8.535043744741666050e-01
-9.820451269448284837e-01
9.083247002293122208e-01
4.901524001633164040e-01
3.516036057300822026e-01
-5.135854268617479068e-01
-1.840917188735406995e-01
5.266663452416475710e-01
2.099695641928567280e-01
4.935966884060118964e-01
-5.056203858600065715e-01
6.460680894284529519e-01
-5.581092969183942820e-01
4.420210653062417450e-02
-7.660794026127515366e-01
4.819500822703903786e-01
8.387468191610416568e-01
1.030389331323044999e-01
5.167662762273126376e-01
8.873773940501930024e-01
8.254812658326522445e-01
9.718893025131183361e-01
7.396122948997478908e-01
3.292061937150803086e-01
-6.131325446267492651e-01
7.779439418659273020e-01
1.810765869570247766e-01
8.992875122563503965e-01
9.820267493326637620e-01
-2.797126263144440461e-01
-9.076412639499431556e-01
-3.219537738583024833e-01
9.054948956469981436e-01
-5.170497673503509084e-01
-4.472754263623268667e-01
-3.570695976851820941e-01
-9.919961131772847551e-03
-3.795483624740545459e-01
3.967177337324281350e-01
5.363518438257466325e-01
2.515434378644474389e-01
8.093502068535791683e-01
4.938582788870271578e-01
7.007430135415537720e-01
-4.086181151637697795e-01
4.630588206969776799e-02
1.194203838872804901e-01
-1.290964868159918399e-01
-6.640672502131985677e-01
7.350213330422221691e-01
-9.854151966134663265e-01
4.421218056522446815e-01
-8.553701415030157129e-01
-8.720455534843438716e-01
7.845057524686556150e-01
-2.253096041179718512e-01
8.335521892310173708e-01
1.144293202931843112e-01
5.818366123048157590e-01
-3.843881213669868568e-01
4.457074544414083572e-01
1.690938733726097265e-01
4.972310470142944361e-01
-3.920053344704790277e-01
4.544961234894808744e-01
6.277750118945024660e-02
-5.589399963792329729e-02
-6.848063723089117261e-01
2.279251289093700006e-01
2.518030193971938502e-01
-6.269438937032998371e-01
1.822792171367666469e-01
9.906053370157432703e-01
6.896139615490299857e-01
-8.760989218689509972e-01
-2.508519437206677694e-01
2.242805979861088872e-01
-1.280929721353667450e-01
-7.258896528668554726e-01
1.274731514243356845e-01
9.760860902912751325e-01
9.585447587987769857e-01
-8.099988928126011789e-01
3.566021812130768520e-01
-9.602577199703381527e-01
7.901155222266524891e-01
6.771942525604277563e-01
-2.117407438085263660e-01
8.404464396635136225e-01
-1.828290773705130157e-01
8.147663076768885126e-02
-5.195216818861838615e-01
9.189728174607103561e-02
2.354625118969810860e-01
-6.543410535085989466e-01
2.765919435900654477e-03
8.744575764792963390e-01
1.040780944385646389e-01
-7.432363835852950906e-01
-4.946676002989405241e-01
1.037048443910719708e-01
3.400734244516063765e-01
-2.311682460308366327e-01
-9.613064284990959774e-01
4.044044308131033993e-02
9.671834962882486231e-01
5.135408319129850518e-01
-8.933281863555375679e-02
3.341636101278557813e-01
4.857222456009879785e-02
-5.263889060329356440e-01
-1.916036603110577996e-01
-9.566370025724801884e-02
6.212328186400575269e-01
-8.411887972823117732e-01
8.244578709500753888e-01
-4.928675405780049701e-01
-4.937837488638514571e-01
4.843563425140167134e-01
-5.012367742831245199e-01
-7.281001566596456698e-01
2.781739544650663198e-01
1.654236782878641954e-01
-1.264583352758543722e-01
-2.424062909197721716e-02
4.978649473615779364e-01
2.516238293446373397e-01
5.628652732080907661e-02
9.589196007820097734e-01
9.512172223307513441e-02
-9.673004684699570976e-01
5.854275649361917466e-01
8.610908112437998252e-01
9.655014822246059669e-01
-4.819542221565604745e-01
-9.663677683769336113e-01
-6.707567643311704852e-01
-5.168149490363882492e-01
5.445529522915970588e-02
-1.005953663964660461e-01
-2.915672805119358113e-01
-8.300603357294402684e-01
8.991641769577880527e-01
7.741521889708553594e-01
7.617294926172570868e-01
6.696981596981912421e-01
-3.810518098206541193e-01
1.226622811985516037e-01
5.623480808255645336e-01
-5.922740887033743906e-01
3.894412616922269255e-01
-4.883673194173177023e-02
5.932922216563578655e-01
-3.562768506491031939e-01
-8.597860750681383113e-01
-1.985118575028441690e-01
2.932560484580077897e-01
3.802655674407346975e-01
-1.391892439437907303e-01
3.768042468614709595e-01
-7.603828587405734307e-01
8.278329940798709874e-01
8.296922233413268621e-01
7.313918649536952366e-01
5.572486525086541853e-01
3.676541729629487776e-01
7.820621333333579450e-01
-6.856266431503852399e-01
8.229073877997834519e-01
