7.107501607152799661e-01
-4.478229796891917136e-01
-6.070257373303755699e-01
-9.381258616311711762e-01
2.282645100146272199e-01
-7.034289717277124598e-01
7.200826627023817483e-01
-9.231221815605696879e-01
8.080272352367310340e-01
-5.617390037279568205e-01
-6.295272287969686520e-01
5.459016613049667566e-01
5.598784626783159801e-01
-4.925166754348266895e-01
6.838412295667546381e-01
8.513107705940718972e-01
1.244674189241004036e-01
-3.133738648188972853e-01
-3.886483442751966777e-01
3.035885910595426118e-01
-3.742129343233913108e-01
-9.951510700660870512e-02
-9.110870283463152752e-01
4.107372240229858473e-01
6.865042882426124482e-01
5.058275174558608533e-01
-3.741189165262177596e-01
-3.256704905936562700e-01
-4.081542452325779280e-01
4.802173164048533227e-01
2.601743553566167044e-01
-9.010757951797576659e-01
6.047855881095980379e-01
-6.509174896000506916e-01
2.565150894503789303e-01
4.934397259287404136e-01
-6.150614489167705035e-01
1.750890282923056596e-02
8.399195245985393576e-01
-3.362792344683582790e-01
-1.543231993916411859e-01
5.351839499968003011e-02
7.431403105776472895e-01
2.787313182081778695e-01
2.562004047453008138e-01
-9.469939497003052598e-01
4.429758363600577731e-01
-9.644164229649756503e-01
7.838458236675038826e-02
-3.416212471730553091e-01
-6.092719110203450583e-01
4.691640606136431302e-01
-9.659023075858002017e-01
8.587499261856701427e-01
-1.206623859739046623e-01
3.997076351052974985e-01
-1.481867990685905578e-01
-6.244603822995891118e-01
5.429316415827214470e-01
6.165451852195136251e-01
7.010807095225741747e-01
1.500449290774823474e-01
-2.664642339098197699e-01
6.947676434870291295e-01
4.729500345906436642e-01
1.600085156512560669e-01
3.711468299809483895e-01
4.204561452416581968e-01
9.382848884260912570e-01
2.909156406670965200e-01
-1.186607086052438031e-01
7.683616794754517532e-01
-3.635059263363182858e-01
1.297151538589447206e-02
-9.664695373672862466e-01
2.166522864273001669e-01
-7.243144763872781944e-01
6.590399476677959445e-01
9.085721706474230164e-01
-9.143239499220430222e-01
9.905267936491171099e-01
-7.921133287721395799e-01
-9.305135078157751316e-01
6.154893630764244339e-01
6.439195898860339273e-01
-4.733840194385849909e-01
-5.594726418440021387e-01
-6.056070976034169107e-01
8.973038707364675570e-01
-5.151721859873814591e-01
7.833498272780559102e-01
-9.661798232264975361e-01
-6.133909653806424167e-01
-4.904342834967478915e-02
3.471396734171776632e-01
-9.499990507429030284e-01
1.742072263648251074e-01
3.660693727254922258e-01
9.264038585775140611e-01
8.874327058142494895e-01
8.529638965234387360e-01
1.365505011395278245e-01
-9.138139427695572969e-01
-5.561672692334356238e-01
-5.942844624784175966e-01
9.051445343143511568e-01
6.383004670523273472e-01
-1.436410504890854867e-01
-5.754412041514482823e-01
3.905973688868817906e-01
3.351101171294323944e-01
3.633432683568311727e-01
7.645653393117766150e-01
5.332618438903549141e-01
-4.068953770580772122e-01
-9.499368176491098659e-01
4.609704267318932569e-01
-4.756798020117767312e-01
-1.874358754521945336e-01
3.247241516147050255e-01
6.422530978879503749e-02
-7.312912832841000910e-01
-6.316927954265059153e-01
-2.420891157627598211e-01
4.158675290589082252e-01
8.428712575021561904e-01
2.480807710610051231e-01
2.954308861082786120e-01
9.180481037297405500e-02
5.468088509435828914e-01
-6.767442164560171225e-01
-5.502645153645369103e-01
-3.796426539634243369e-01
-3.179159681789522907e-01
2.558652313634770525e-01
-7.627576392439496811e-01
-5.316571975060422339e-01
2.986567396574686395e-01
-6.666247669564440148e-01
-6.252922194348926599e-01
7.702967977557257928e-01
-4.570803798538110030e-01
2.526124717108246820e-02
-9.403224451418865648e-01
8.026946276866502306e-01
-2.144160161580543900e-01
1.991284886780206875e-01
1.266606917862362902e-01
-8.185677331969223314e-01
-2.854833796547615599e-01
-7.059125073005698692e-01
-8.550774248397992050e-01
-6.133182183538787857e-01
-3.189644702766194495e-01
1.708147473572669828e-01
-8.638827197756231424e-01
-4.010290293094898040e-01
7.032838063192188294e-01
-4.662283003873264331e-01
6.065854404379713571e-01
-4.461251845741045496e-01
4.318291384369017383e-01
4.584991682991084172e-01
9.583429197542980837e-01
-9.353099466849552623e-01
1.733225292047959609e-01
-9.922266974487996549e-01
-6.609787835876521633e-01
2.206135478059223498e-01
-7.513843235296433498e-01
3.047181543712658147e-01
9.324043611331156445e-01
-6.827955237954888013e-01
-1.935125257013809996e-01
6.211454066039505673e-01
1.419267672736741481e-01
-9.669851891504048780e-01
-3.560023578953177559e-01
-5.018288210077088696e-01
-1.828957289989427970e-01
-1.440225317977561481e-01
1.803877279737322592e-01
-2.283783282294191697e-01
-8.519613705290383088e-01
9.250896882575159186e-01
1.214771716920803879e-01
6.400150437549934068e-02
-4.212355711709885320e-01
-3.283899834375381133e-03
-7.068823072766152738e-01
7.870890358736430947e-01
-1.983116699922815585e-01
-1.889241007704796083e-01
-3.608919805556716209e-01
-9.246598188368269078e-01
6.327983386979108005e-02
7.893662238773593298e-01
-7.560814290945738758e-01
-8.139720627562720967e-01
2.392656110267095126e-01
-3.023015537971898148e-01
7.856718695733986291e-01
8.615481504063848828e-01
3.696486524424131836e-01
4.747616701367376457e-01
4.335256120958290715e-01
5.498639563488822990e-01
-6.870068367853199298e-01
3.461737525474593014e-01
1.574460878548309406e-01
-4.142485438747849358e-01
6.327329508578567463e-01
3.417779773086704331e-02
2.892187251975535389e-01
8.643597078146276758e-01
-2.428932582826390796e-01
-2.766585871463611568e-03
2.547661522619493191e-02
-8.686669352101716868e-01
-1.120289292009934989e-02
-3.857804115251299848e-01
5.141954069432368435e-01
-1.592163223840525887e-01
7.222957897524517890e-02
-3.637840474814300062e-01
-8.556488305860332488e-01
-1.709832602037746341e-01
8.912136945971014246e-01
-9.885256828418371722e-01
3.023553491690591510e-01
3.234690005027722748e-01
9.710303196420078109e-02
-7.996183941277161811e-01
9.242299931235269383e-01
8.279128783080180742e-01
-9.485402963005873378e-01
6.978716012958519066e-01
7.514960265315651089e-01
-5.724235123694976224e-02
8.251385708644956019e-01
2.224188796916644062e-01
-7.393146265886585411e-01
1.359138317289187992e-01
2.050511060622810522e-01
4.904713942113532177e-01
6.766658815629411627e-01
-8.251772396118486341e-01
8.253343489259670207e-01
9.323968989875230928e-01
-8.706630453996595520e-01
-9.945304403707830865e-01
-9.548491856569265579e-01
-2.955270848313824583e-01
7.475403131166933335e-01
6.790608861878393299e-01
-9.365963184783931972e-01
-8.368594007349459130e-01
1.353156174760927755e-01
-1.500949973209657617e-01
2.470166263029609510e-01
-2.558222645279903951e-01
-4.711216591131450748e-01
-7.695715427741105508e-01
6.697405628688497536e-01
8.307047462353722711e-01
