3.353780896286719937e-01
8.500168337166755794e-01
7.572576019512302636e-01
3.197607685795900156e-01
-1.817902634304868759e-01
4.647127676032560828e-01
-9.733482043820984586e-01
9.097188730078242802e-01
-7.434915748083319453e-01
4.323606622062903249e-02
6.729778929434788726e-01
-6.484099699505534442e-01
5.578057010694643658e-01
-2.484255139469300211e-01
6.110011128326406915e-01
-4.213927466312381576e-01
-1.094342710435307620e-01
-3.446511455309853034e-02
8.422453712406396953e-01
7.096536402631608009e-01
-9.528634608336556955e-01
5.849945892528571889e-01
-7.847704360817311375e-01
1.983664831111184856e-01
-1.297452405517396379e-02
6.420859004635348644e-01
-3.451974112256430693e-01
6.272128551686280140e-01
2.264496921475489533e-01
-1.438733017692515048e-01
-5.387926480665283790e-01
-7.504053889805595290e-02
9.708942943263618730e-01
8.645317440790156738e-01
-5.949393901370487736e-01
-2.047778040864736138e-01
-9.773355312469504952e-01
-7.645963932474588720e-01
2.194855254809688905e-01
5.526561004167673818e-01
3.498045787579853183e-01
-6.300759390822174844e-01
4.930605088398967162e-01
-2.695057327074750209e-01
1.550759158458276943e-01
3.024058975707821784e-01
6.454003125984335565e-01
1.152378760501515664e-02
-9.412107888683964863e-01
-5.863428110113777514e-02
-8.329602575733094927e-01
8.178044801848529666e-01
-7.523824101421183741e-02
4.767606135026489778e-01
8.670451283132962761e-01
4.006668249190723508e-01
4.796202769494799512e-01
-9.532884557893621658e-01
2.791222323822828422e-01
7.404133012195444064e-01
8.161367535903374382e-02
2.366242752703515695e-01
-4.858747077511751389e-01
-6.751795455111213595e-01
8.720143136375242410e-01
-6.444828108145499446e-01
-1.912714253785525731e-01
-8.548018725675889939e-01
-5.183073553350816542e-01
-8.814779217800137179e-01
7.310108178160443781e-01
-5.918910726206407791e-01
8.522508634035257380e-01
-3.549231566642687685e-01
-4.739913724727795596e-01
6.039820860791098589e-01
-6.684857419380580978e-01
-4.577575605250656654e-01
-2.961754820535353883e-01
-3.989233129528111377e-01
7.352319754394547324e-01
-1.073950695126286714e-01
7.039967024768125636e-01
-2.172728979389464410e-01
-1.501388475881677564e-01
-6.722771188016749555e-01
5.087064635291187464e-01
2.949553323560463181e-01
6.476595732495935565e-01
-9.956642082313871267e-01
3.839718166381307363e-01
1.897152168410052298e-01
-4.378671410561740807e-01
-9.924286271872644338e-01
-2.085539484217007189e-01
3.660627520719161865e-01
3.629294012141706105e-01
1.486593786618211066e-01
6.388029901629206364e-01
3.600289300287020655e-01
5.937252736179610135e-01
-2.502927536790338081e-01
-1.139374482158292956e-01
9.313737066533966935e-01
-6.484171903412554450e-01
2.597019133038118710e-01
-1.981542465266923347e-01
-7.755617627078019716e-01
-1.212430688222689845e-01
-3.615053461316182215e-01
1.447968212363592855e-03
6.902785759214751238e-01
-8.977255698116304306e-01
1.368290123113611312e-01
5.233830651339064222e-01
-9.323332969342763565e-01
-2.088231968069937938e-01
8.467764592760844700e-01
-9.955654184713353949e-01
3.454677669579342414e-01
9.299668039498631966e-01
2.206629665349530978e-01
-7.871648578000089991e-01
2.572953215903628355e-01
-8.801517020010325432e-01
7.076659266495788358e-01
-3.970826711346864268e-01
-2.502184118583221650e-01
-5.193174036932302062e-01
-7.710915307450805223e-01
1.209976709756686031e-01
-7.290881374837476780e-01
-4.997371701595740845e-01
7.977755429360864348e-01
9.977448256751242361e-01
8.258635900365618454e-02
8.083240415230159570e-01
-6.725964039326837174e-02
-2.681107774950399758e-01
3.708244949101411336e-01
-9.609347176841680493e-01
7.873133600648540842e-01
-4.276379168170949541e-01
-8.398311698648595058e-01
-5.980839978455476658e-01
4.417309794826913549e-01
5.549432297838812200e-01
8.004134563828795290e-01
9.397598574022276718e-01
4.610385314915557142e-01
7.940405885679546749e-02
-3.456781647442603855e-01
4.893973599843532973e-01
-8.505151809513871175e-01
3.067354935968715779e-01
7.985694606407374163e-01
-1.178914637302055368e-01
5.710486320153405071e-01
6.389019946890206469e-01
-8.527873719627221405e-02
8.816739400380027014e-01
3.419990996226163205e-02
-2.628429443581321578e-01
-3.069724827210864593e-01
1.828804955251952524e-01
-5.291400675794895037e-01
-1.464501459546079243e-01
-8.717206626492457477e-01
1.493920521250318156e-01
1.491054723524012360e-01
-8.759891382208777610e-01
6.785323928929745119e-01
-2.127707197855033261e-01
-1.286552162435161684e-01
-1.190358753101219413e-01
3.922207376114619226e-01
7.379788141346983465e-01
-7.009620029460734703e-01
-5.353215152649326569e-02
-9.111773960126952066e-01
9.876637643947225875e-01
-9.811744157707955605e-01
-5.829734146172849130e-02
-9.191510686412209807e-01
9.942274231500303205e-01
-7.073035460924381734e-01
5.649030060744575366e-03
-3.223694778941648131e-01
-4.057589125921123863e-01
1.148790136794897165e-02
4.271411344735720483e-01
-5.596258321380302991e-01
5.125183597656104428e-01
3.191409024916069814e-01
7.315070146552078434e-01
5.707323091606135712e-01
2.927060747291359011e-01
2.770587795232293260e-02
-8.994013373161793279e-01
3.791849681546881623e-01
6.894245472087845439e-01
-8.462331453807270254e-01
-9.601778280324868575e-01
7.044449207171668004e-01
8.083596945718807270e-02
-5.732664628696539921e-01
-3.334982391169878380e-01
-7.485100004706546351e-02
6.738289039407714398e-01
7.414643617752192384e-02
-9.010763008538218433e-01
-2.488793849915127421e-01
-8.261719634032964610e-01
8.124049308928855684e-01
-8.652664357614241464e-01
-4.291529092558110658e-01
4.748270986711322639e-01
7.810025183399900151e-01
5.677418257111137567e-01
6.443354219784980241e-01
-8.532687527957683038e-01
-9.460008273827591463e-01
2.191176838803590154e-01
-6.379769569947801866e-01
7.202944364537315902e-01
4.673174128133645855e-01
-8.747811832407255128e-01
-8.649573546633819721e-01
8.787524585116937015e-01
-2.600815872098998227e-01
8.928303218372233285e-01
-2.341054125974124656e-01
-9.111086724451225027e-01
-7.021252929589403280e-01
8.640341603277650329e-01
-8.920725432628520135e-01
6.489218446428344222e-01
6.811916100310133615e-01
7.148000211088589850e-02
5.540363899333695663e-01
-8.931542811661812298e-01
2.627607896341312976e-01
4.026212810171450052e-01
5.463364682227207503e-01
8.093952679392526495e-01
-1.916077526599209158e-01
3.572168280917731309e-01
-1.336162216074063824e-01
-3.081125098430341769e-01
6.481644174705278871e-01
-6.069283334492476811e-01
-7.523971516724388131e-01
4.819887574255903306e-01
2.573200446347501114e-02
3.774253765685164907e-02
-9.329988230897043877e-01
-6.848678111494037601e-01
1.979276782737089402e-01
1.621777890360309726e-01
-6.202441074164628532e-01
7.692923613755136003e-01
-5.983074116344575533e-01
6.243652796261740523e-01
9.543332233109729223e-01
-5.250742753935289109e-02
