6.322057211827019074e-01
-6.116700657441960232e-01
9.885936678147442258e-01
-3.796489288508722026e-01
-3.756258728512509304e-01
4.224271603809008901e-01
1.834269486207389388e-01
-7.762076467514966716e-01
-3.243889051462955919e-02
-8.072906200307556901e-01
4.771025414789789032e-01
5.226474347647247498e-01
-4.250528166531728491e-01
-9.717490602860197058e-01
6.379399672705021729e-01
4.430330329454903460e-01
-3.380043987086549517e-01
-9.206339696116194737e-02
-9.333694844414246461e-01
-8.058891051266423577e-01
1.316487999849180746e-02
-7.720178215475153038e-01
-5.953537626291023344e-01
-1.176186937373326913e-01
5.849167778259436457e-01
-8.733698902493138849e-01
-8.882883934900271949e-01
3.556596901369204478e-01
-7.941194661085155815e-01
4.564837153177809803e-01
-8.499021375476556450e-01
8.174100664609766920e-01
-3.338409819563656900e-01
-7.383904714218902932e-02
-7.727615203029529756e-01
3.010728737975787439e-01
-3.132565263932405308e-01
7.968275522453165394e-01
-3.451477847736561522e-02
1.473854902128126643e-01
6.447838091171018693e-01
3.817318884650966471e-01
-4.446561998743876476e-01
-8.326589378688400434e-01
-4.332680554923282745e-01
-6.999284226449034030e-01
-2.860085638184945989e-01
-3.979572016205161766e-01
-2.685707564664974178e-01
2.766190269606245700e-01
-5.625030356150246824e-01
-3.413849489951856775e-01
-6.719764806048051931e-01
5.513706300937566418e-01
-5.394184366080798654e-01
2.867559955533189875e-01
2.907322459631282996e-01
7.869344223267358274e-01
-6.748066740041835931e-01
8.621807417893001535e-01
-7.683736635901119438e-01
-7.379862072803624606e-01
2.045564570030042884e-01
-3.818392547339217735e-01
-2.599194092047540927e-01
7.647157099770813815e-01
2.075499901206421249e-01
7.479654628458320964e-02
-5.818505752884353122e-01
8.397311203911754784e-01
-6.379789817380645545e-01
4.346278309023312580e-01
1.641159984191902232e-01
6.393161705870067379e-01
2.510518275739861416e-01
2.116827920624460013e-01
7.837041792984666966e-01
6.084383932988082222e-01
3.471013185689320046e-01
6.734554853933951701e-01
6.387844509521665159e-01
2.158780414888630261e-01
-5.992296913825678750e-02
-1.258748108108458386e-01
-5.099547460437976465e-01
3.621591538139476985e-01
-7.560481886659171646e-01
-9.325060365250803507e-02
-1.790331555925850360e-01
-8.836592655708446209e-01
-8.607073503693920546e-01
9.713132219622178098e-02
1.925895809262623271e-01
2.010636217262438130e-01
8.997323437370376986e-01
-6.943354896086082473e-01
-8.858228580030536037e-01
9.698391599852829170e-01
-8.903413346148836283e-02
-3.150104800560518115e-01
-5.509723242787334385e-02
-4.828990190939703719e-01
4.096970298707411917e-01
9.161263132331469716e-01
9.809093135533608621e-01
-2.366821598307631280e-01
6.829458675390676081e-01
-1.187600117465317240e-01
9.594841906616871086e-01
3.081197391014245390e-02
-1.415792624469582872e-01
-4.407294698458783522e-01
-1.107089546118236179e-01
8.785555883803497501e-01
-4.435629536672027751e-01
1.327490468201864005e-02
-1.118551184506830776e-01
1.350667839749521981e-01
4.233006793079341357e-01
7.262057429123287555e-01
-9.949667083017830205e-01
6.567275963336522970e-01
-9.793295164453947876e-01
2.438289181763559910e-01
-5.096186620513787346e-01
2.849099055738997244e-01
4.665436190872718214e-01
1.938196089480241913e-01
6.316798293254539676e-01
1.559271603319045685e-01
-2.782410286270720068e-01
-6.471355208623268407e-01
-9.989731044187832865e-02
2.519776956746693219e-01
-9.503094478924349886e-01
-4.650236571960915111e-01
-1.456028608900905574e-02
9.322998263921311590e-02
-7.983820281910958272e-01
-3.695760689624354445e-01
-1.749662039784580791e-01
-6.853613518164256568e-01
-6.586087272220146893e-01
4.679007875849667819e-01
6.926916256009754136e-01
5.895746231663474557e-01
-3.374554045437820893e-01
-5.562360572858653374e-01
5.375592751016027293e-01
-1.837994968340992408e-01
7.169933590832910930e-01
1.207605599720336098e-01
3.607079053314412587e-01
-4.221511361046159649e-01
1.014067390987609674e-01
2.217437891273823514e-01
-2.629017141436935656e-01
7.039980947877781947e-01
8.356795153986948943e-01
8.422287153833030171e-01
-7.847015520711497771e-02
5.000445904624268856e-01
6.442490638159961147e-01
4.125256389780862509e-01
5.638339563452572367e-01
1.239121804979230745e-01
-9.206739024467807120e-01
4.748949077330033575e-01
-1.218149269310595528e-01
-6.641354153137135619e-01
7.633870296540066214e-01
-1.794034510729261012e-01
-9.863272099915965097e-01
-5.852162483759131284e-01
8.451263502372241554e-01
7.368143442211445571e-01
5.766215144215331989e-01
6.396366940479718544e-01
1.378900704926966370e-01
7.848222356829783752e-01
-2.736195942517394286e-01
4.703721545627619349e-01
-9.704344054630715810e-01
-2.146516869060115518e-01
-9.767313285233214515e-02
8.518044720470980824e-01
-7.733370644951964579e-01
3.516065790293045890e-01
7.313491665015374732e-01
-7.679028625352510851e-01
1.430899966543324187e-01
5.317120532752552808e-01
7.514092822634850233e-01
7.580619953209943862e-01
2.099736419350779482e-01
6.388333879609360277e-01
-1.291096143518482009e-01
-6.072378966686438062e-01
-5.010494617366481052e-01
-6.094743296790632314e-01
1.176079758844041923e-01
6.282064324441141157e-01
-2.146975716068557638e-01
-3.521281488603866805e-03
-3.282795226486265872e-01
1.782423300595752380e-01
-1.556440755668118125e-01
-9.695236255731713992e-01
-3.416773688029952627e-01
8.646429103009301009e-02
-7.791942563014475631e-02
-2.024632165014261798e-01
3.065869204994347008e-01
9.867463342959894579e-01
3.096993671901062672e-01
1.611276352770518727e-02
-3.178138114699657901e-01
-6.970104532621168580e-02
3.149187191811662068e-01
-5.836750765116556217e-01
6.424531261473331867e-01
-3.993267099139941045e-02
-1.243825467197803292e-01
5.884779800972599340e-01
2.504662278997438207e-02
-2.035298041217907805e-01
-2.801610273022083764e-01
7.309116964693520568e-01
3.340830351319257208e-01
8.728541333841230987e-01
-7.857898770033286961e-01
3.611632460018221469e-01
-9.861553307556698567e-01
-2.496408327795280879e-01
5.461380471947141491e-01
-7.412137673894774181e-01
9.138611337267346091e-01
2.055360370278833670e-01
7.443703035763435949e-01
2.151637469837988093e-01
7.669911322812252852e-01
-6.699646994141201795e-01
2.372267191197725555e-01
5.672093388541972203e-01
7.966667521979124977e-01
2.663773785025822516e-01
9.440868064161185291e-01
8.146213081921471755e-02
-7.761992029361526324e-01
6.457879269138426803e-01
-2.391768290259290719e-01
5.293105862350431234e-01
7.339084131905528885e-01
1.918835018320073083e-01
9.291275252247119809e-01
1.482876386106894984e-01
8.237627201499799767e-01
6.282156016396045484e-01
-4.238251451395658176e-01
5.106245462560419224e-01
-2.779748663454633117e-01
1.268788842964574393e-02
-7.506579600305689493e-01
8.869328146763892917e-01
8.157482529410673422e-01
