-8.421499446298681413e-01
2.541556322528730760e-01
-5.403379481874228674e-01
-3.136419621703088190e-01
7.474075178370633843e-01
-1.609700589724183395e-01
8.148633008399186473e-01
-4.600442580566470596e-01
-2.097185782323891523e-01
-1.530566481292678915e-01
6.406377421536455508e-01
5.680626269605311141e-01
-7.815297279827744248e-01
5.874657712121114095e-01
-7.289708121101019511e-01
-9.963822512137610055e-01
-1.447270522892507572e-02
6.449240470818915494e-01
8.814901294935724163e-01
3.736722607445330802e-01
-1.634937029198268998e-01
4.311031712111821346e-01
-2.800601278756491563e-01
6.637159762199844604e-01
-4.760242787885902160e-01
7.018347802846633954e-01
5.009677127291016774e-01
-8.679834044560363893e-01
-2.753792116226376763e-01
-4.198725053941554375e-01
8.265268584184339851e-01
-4.866169807095317434e-01
-1.740555274836539379e-01
-3.145945063090693772e-02
5.452605973039703624e-01
-7.920948408456556233e-01
-8.747094733163196523e-02
3.179204855458799273e-01
3.198656586801253976e-01
-8.866596856906798774e-01
9.181011261896043774e-01
5.766036513454957380e-01
-2.916128799720119069e-02
2.520516806051775749e-01
3.511166023788367951e-01
-3.133748462210190766e-01
-5.177658707112402503e-01
-1.299195069178222806e-01
-8.708873287325642476e-01
1.020362447080505053e-01
-3.419733120894008493e-02
4.124488713039080601e-01
-1.463426025701912714e-01
7.907709977166765825e-01
-5.445743069542641202e-02
-9.337067045820890421e-02
-7.485746025153285910e-01
-9.426372307192349975e-01
3.518524757491463539e-01
2.933607906614486005e-01
5.411288404024774401e-01
-1.754438855401923014e-01
-6.478718000426917367e-01
-3.274923832186804606e-01
-7.615995150015373305e-01
1.370371816186231051e-01
-2.160461181889705706e-01
-9.004943529559026327e-01
5.326568682423555856e-01
-1.105667753097794304e-01
1.379670878884065033e-02
-7.919117374625137540e-01
-7.651192816815481912e-01
-7.574690343023859906e-01
5.134560071591041108e-01
-4.620547832687980083e-01
1.683214732832392091e-01
1.602332149418472795e-02
7.827862253691053596e-02
-3.878878587804224232e-01
7.915405481063630955e-01
3.638488840933924440e-01
-4.491762480220562459e-02
-7.518922341396407916e-01
-7.818082702325710454e-01
-3.284690052452596820e-01
-7.737953908738635089e-01
-7.826410580828753183e-01
-5.677924363564517130e-01
-1.099216427321965117e-01
9.915808798234642119e-01
5.361271312000026601e-01
-5.726932756167939509e-01
-2.209771370650903677e-01
-8.149438300030920068e-02
-2.916721326780156165e-01
2.035666834944827031e-03
1.618348362206074587e-01
-6.857373224494187625e-01
3.078179088899528626e-01
-4.329230585212833216e-01
-2.222977746362293505e-01
-4.568403990867522246e-01
4.415366263265123603e-01
-7.975458349712232220e-01
-8.146912639044454618e-01
-7.096013559692744277e-01
9.119519385220709040e-01
-8.510350809051603349e-02
5.038559036530521063e-01
6.877598800607129803e-01
-8.373394633987325530e-01
2.052151632703340667e-01
-8.225059959011786770e-01
-8.536502990383225686e-01
3.541378138663311415e-01
6.714320262769628567e-01
-8.599181818621814966e-01
7.526006428829972172e-01
-9.099014473944613268e-01
3.540665217999585668e-01
-9.799429277927957926e-01
4.456858018949234612e-01
2.937269221141634024e-01
5.133111999026929162e-02
-1.236087667052641059e-01
-1.840060315155511717e-01
-1.251664003622241506e-01
-6.710442862463628089e-02
3.350886762723663814e-01
-2.366752254238564390e-01
-5.181666395318651475e-02
5.123418124313445787e-01
-9.108668240843351693e-01
2.960504383141571161e-02
-9.176875373788329071e-01
-9.130888211645906694e-01
6.861848945132553723e-01
-7.458510548831536191e-01
8.905046087907750874e-01
-8.602232186876204167e-01
1.497807232964454283e-01
-3.279860427719414329e-01
9.999804460624206470e-02
-5.303373832646984809e-02
-5.275741372283404562e-01
1.464772720480138624e-01
-7.055843452335688326e-01
-6.845900801729702945e-01
-8.702710755888114491e-01
3.321092922634742983e-01
7.086299624789291762e-01
-4.959906105906102258e-01
-1.304949843812799326e-01
-8.895366076615252027e-02
4.754858262744461328e-01
7.729066144802754224e-02
6.452311643546075892e-01
-6.841064743189859687e-01
5.420571908550197993e-01
2.386729131993292619e-02
6.210292479569445856e-01
-2.896622242314794704e-01
-6.173836751370993525e-01
-4.101367106008622088e-01
-9.995740212300836536e-01
-1.620475294861567495e-01
-7.260743247103240705e-03
5.217233576084612245e-01
4.346086730935283526e-01
5.339152917674927501e-01
4.756272605492111172e-01
8.132447083366933782e-01
-5.035789299149011633e-01
-9.910077259940930361e-02
2.849403294626462468e-03
-4.102484156375372226e-01
-6.457121568813048995e-01
-6.192491435154752200e-01
-5.348598547296523620e-02
-1.742060183725695488e-01
-4.931005299651243234e-01
-3.269059225685388981e-01
-1.642163968786671813e-01
-5.769559972958853145e-01
4.913728607452512165e-01
-3.843745128967204217e-01
6.580462573507046553e-01
-2.722135082246768256e-02
2.472587607906624463e-01
7.194485222819784198e-01
3.574018753224983413e-01
-2.256170524956599976e-01
-3.449826657985224365e-01
-6.155957458958591921e-01
8.014124556616986084e-02
-8.758191391875613796e-02
-8.525596835383808525e-02
-1.531034220194411599e-01
1.456312236483081612e-02
6.321399878773674708e-01
1.709476191722489880e-01
6.489754096529669614e-01
5.139146851241198632e-01
-5.074347664960967563e-01
-3.583096896398680897e-01
-3.691867999628306585e-01
-9.607806048532347987e-01
-3.628525502821686732e-01
5.556007732919983066e-01
-7.626371887466185662e-01
-3.348885726714820876e-01
-4.242752235088824708e-01
6.782435707060496810e-01
-4.303693300882269757e-01
2.236213715614632225e-01
6.678360999686043797e-01
4.342352587115991813e-01
6.926840977190436011e-01
-2.576831214763704025e-01
-6.941058432909961162e-01
8.786790493319132089e-01
-8.573882012854183721e-01
6.158174427169296195e-01
1.294750138988720600e-02
-1.088856438680019245e-01
-6.468466200790121690e-01
5.380104451226641604e-01
6.682583330767559726e-01
2.898331764293118340e-01
2.241057349314767855e-01
-3.479105314939934246e-01
-2.333648559204728468e-01
2.072822614888638615e-01
4.647386832284523539e-01
6.577714081748753383e-01
-3.675416761367378271e-02
7.833947402013661243e-01
4.383025423323840819e-01
-2.945230127443321244e-02
-7.818441152335595667e-01
1.292036604086230778e-01
5.138787899193384412e-01
9.507801857808277912e-01
-9.539440815332287382e-01
8.944795849574451729e-01
-7.402402228134892237e-01
3.426659473167530390e-01
-4.657166061093298559e-02
-7.845259543505354038e-01
-4.948724074789878635e-01
-8.436141429632080246e-01
-5.366015548750417974e-01
-3.214427662127998797e-01
4.552649155883179422e-01
7.027731227478828391e-01
-9.186805404621081195e-01
-9.945958539576436053e-01
-6.471771244083683872e-01
-8.498266057359000758e-01
-2.514508798980947812e-01
-7.747836505894174497e-01
-4.742555008618984935e-01
5.955618078472244559e-01
-1.994207861627075307e-01
