-5.062989594367364177e-01
2.693029736724619205e-01
-7.392568222461297633e-01
2.148689899616140764e-01
4.802086502163374071e-01
6.387094827517867390e-01
1.406672135608866281e-01
-1.830331027150602363e-01
9.757349169687579149e-02
1.653071951181956933e-01
7.229442897236730836e-01
6.623120440182046487e-01
-7.766679062592540816e-02
-1.661775244651759742e-01
-4.298850781900207529e-01
5.860144953196413375e-01
-7.186496634720640486e-02
9.342907679896657047e-01
-9.049574258251031900e-01
-9.788249693196273693e-01
5.465119252937649108e-01
-5.243025805945911166e-02
9.013407321562387775e-01
-3.835115262634460898e-01
-2.176844712893373224e-01
1.160305527246694446e-01
-9.967318960407167694e-02
5.196865591999717537e-01
6.368018981823255764e-01
-5.546689926715029362e-01
9.308938536713478040e-01
7.818133512917104788e-01
-6.238312436682265094e-01
-3.857382989627196057e-01
-2.044319674580081792e-01
8.519381298050616724e-01
-6.215173422042303830e-01
1.732795198159120531e-02
-1.536254829621213069e-01
-6.972613455385054948e-01
5.273168774204182174e-01
5.664221912649596291e-01
-2.983077423617188639e-01
3.911320487347174080e-01
6.695458835019572064e-01
-7.716169394588343611e-01
-1.934444696717498857e-01
-8.061710712080514263e-01
5.894835851074609057e-01
-1.789402048745614149e-01
4.681649976579049799e-01
6.481062961632038100e-01
4.483552212297854389e-01
2.911851319345464262e-01
1.795746720830424525e-01
7.469513373505973775e-01
4.926542409381260423e-01
-5.454195036355065085e-01
-7.791580846888825906e-01
-7.493999193690301652e-01
-6.291510500647070625e-01
-5.898700034184869434e-01
3.234434857919019635e-01
-4.109521692277442462e-01
-9.314802620181668047e-01
-9.442242825288738040e-01
-7.835595125795129512e-01
-2.385587732567433505e-01
7.442249236629294717e-01
7.310203294731461021e-01
-4.893567159949132606e-01
8.334174503592612915e-01
1.545740139620068732e-01
9.845180391736385594e-02
-2.632809405903138167e-01
2.510313980305574066e-01
4.989238936107120992e-01
-7.255059781896457949e-01
-7.615771058765754553e-01
5.568481645703868832e-01
-6.001500026495310003e-01
-7.277920540541700234e-01
5.757490949491457233e-01
6.635576839960966034e-01
2.742889762279934196e-01
2.719405811050208399e-01
-2.877535436296456695e-01
2.981906755151531030e-02
-7.427355591730997464e-01
-2.964555744441004226e-01
9.306381614427834403e-01
-7.603768467650782181e-01
-7.694369119705950499e-01
-1.147725426389900605e-02
7.517490849783479145e-01
-9.210840972157967599e-01
3.416196310417949356e-01
-8.532184614393891753e-01
-5.487584797619491361e-01
-5.237401948496560600e-01
3.706016722461868973e-02
8.927594810688743721e-02
-2.235078400510246421e-01
-7.664183200928942341e-01
9.057833631327809609e-01
3.363455944193725067e-01
-9.634931373193005300e-01
-1.870146598114752479e-01
5.322434601098569029e-01
-7.245021024375646324e-01
1.692113850925049956e-01
-7.862094090119338130e-01
3.998511210852622177e-01
-6.562663522697442797e-01
3.987299425956176702e-01
4.712101208998964452e-01
8.428036350405787580e-02
-9.205609965408969586e-01
3.067961607908269439e-01
-8.351242466825710142e-01
-2.104065546623568039e-03
-9.521633205958617285e-01
5.432914466947462717e-01
-1.445261327458666756e-01
2.557288344786456946e-02
1.253398415774571450e-01
1.400210846808604970e-01
6.263812606133938310e-01
4.000907221098781719e-02
-1.417901794791889269e-01
6.391494943367121984e-01
-1.054969349475887164e-01
7.252028570823387810e-02
-7.348498386946629157e-01
-5.596576381080000662e-01
-5.625359040082626993e-01
-6.957225805115416772e-01
-2.448769130588188681e-01
6.406983145630191778e-01
-2.528669468507931395e-01
9.191075762494325119e-01
-6.297265549089565706e-01
-2.369282542164721228e-01
-1.164480326409513822e-01
-2.013693517632808572e-01
-4.825833806420087857e-01
-8.005777877449993252e-01
-4.338066759993237653e-01
-7.966871254627776455e-01
-1.138919419446418058e-01
-1.432625856646632112e-01
9.332287296979302482e-02
-7.189893353328591363e-01
-7.770922938401412239e-01
6.923932718173111400e-01
-8.776402674807393112e-01
7.785768430814781205e-01
-6.122975545430133781e-01
-4.909878603053534629e-01
-3.241156689202344676e-01
-8.290759636857876202e-01
5.956520294895339962e-01
3.254861594614426590e-01
-4.579183552381698163e-01
4.477249829321152674e-01
4.378418270083914710e-01
-5.293116785299640803e-01
-2.621634141819573216e-01
-5.659404479586402914e-01
1.092858163509220493e-01
-2.247608657641335661e-01
-3.850042957849288960e-01
-2.979337823190808532e-01
6.268512866102993186e-01
-5.735658678328166005e-01
-4.492894972511354279e-01
-6.051783681282345562e-01
-5.840308367377071708e-01
1.935305758206193882e-01
2.774565431785618319e-01
-9.266327483123826259e-01
3.695138413784659903e-02
-9.642335636596275350e-01
-3.357905113944634756e-01
6.619718871702118257e-02
-7.902405685202837926e-01
-9.804169388964321108e-01
1.736890117710421233e-01
-3.069203478057187517e-01
-2.434949239413124467e-01
6.927074195991937966e-01
-6.563119590310493301e-01
9.957859193548357357e-01
5.159629915341725770e-01
-8.300036807484145740e-01
7.271383468763843450e-01
-2.284869152069064491e-01
-2.378065450100443901e-01
-6.549386828745760170e-01
-3.804434773492060273e-01
-1.984515805271598321e-01
2.203441708209687988e-01
3.711081350256417721e-02
-6.179181232354080677e-02
-5.696178373812270657e-01
-4.051971269056904301e-01
-1.746895792601523834e-01
3.676374170667906505e-01
7.264390514690695078e-01
-1.120810813676569317e-01
-6.139176836962882966e-01
-4.996352541629822674e-02
9.348653378240578959e-01
-3.970751727990180502e-01
9.682390784127037353e-01
3.249778949024750840e-01
-5.232185887362916787e-02
-1.941463570660406646e-01
9.585772694699412622e-01
1.581963450433865326e-01
7.947467045593681334e-03
-8.634985634623013606e-01
6.825419140153332620e-03
-9.552188538162886822e-02
-9.714443850087797205e-01
-5.443372151566852057e-01
7.709765990368664390e-01
7.883050247979910274e-01
9.589742103823755137e-01
-2.127732204048826681e-01
7.876255006146104520e-02
-3.981508900953936170e-01
8.905776369787237190e-01
3.486601038889975968e-01
8.436338408195198646e-02
-8.647444619985489300e-01
-7.271980992726878590e-02
5.493803790048348290e-01
8.087211768186017835e-01
2.734441510009359977e-01
-6.583005450737695607e-01
1.709771327724225465e-01
-8.894852018532672933e-01
7.660528214525506030e-01
1.465465494916637912e-01
-5.094280964238371290e-01
2.671798426140250537e-01
-9.861091569158162429e-01
-6.777572663850954804e-01
8.681489647711022606e-01
-4.366921540115176192e-02
4.057348316617366280e-01
4.188776137910137365e-01
-2.100789886454501598e-02
2.525701432012135150e-01
4.986763511566623119e-01
-3.050035587251902491e-01
6.476847098994864549e-01
7.878187134362935051e-01
1.560526613140211794e-01
-2.447429887608332244e-01
-7.514096883737482191e-01
-8.317808504878676512e-01
3.330735977087706523e-02
-7.345997834099704527e-01
