8.212991862815834931e-01
-3.794458118923946799e-01
-1.564319339088755534e-01
9.131841926160699785e-02
1.360153277194622312e-01
4.100121763057973379e-01
-8.626121771470800503e-01
-8.606525060801144544e-01
1.694734315966373028e-01
-1.433137500065695402e-01
-1.983497398144229429e-02
-1.228005307222761466e-01
3.796669122228444326e-01
9.061112999169584903e-01
-8.257870604927757263e-01
-4.142258515697772037e-01
-6.740118781362254285e-01
2.534092192264090215e-01
-9.027036463180699855e-01
2.402591443321193676e-01
-3.879374780153692637e-01
-5.064166539511718579e-01
-7.608369228504845427e-01
-3.309855430653860786e-01
4.506624433991390788e-01
-7.699593186632864850e-01
-8.216386731272817823e-01
9.039056938837548572e-01
9.719396364084986750e-01
-2.183535029673409067e-01
-3.088797048160574210e-01
-2.580156005849312262e-01
-5.178406666107997491e-01
-1.140304069691366884e-01
5.957097205302241960e-01
-9.575173597956609939e-02
4.010499069184689791e-01
-4.878294847349868846e-01
-5.936482169620873606e-01
4.806124591697091830e-01
1.996660356637418587e-01
-3.875679723626093143e-01
-4.126164653263828530e-01
-8.662465192728410202e-01
6.135980120190078768e-01
3.691393066029386993e-01
-1.157963759147235816e-01
8.713283068560191413e-01
9.614300466611622742e-01
1.224232279108439236e-01
-4.739439341799138727e-01
9.633461817416988371e-01
-5.611722636714253643e-01
-8.137683580889161217e-01
-4.320338264673877493e-01
-5.811653719811651353e-01
-3.324254104190682568e-01
4.355197246729352045e-01
7.362574078079073825e-01
2.004455292089284413e-01
-2.491101719987824925e-01
-5.780322301814921904e-01
5.021105506491512216e-01
-1.017715314807210447e-03
-3.093703861948280398e-01
-2.044048652233314556e-01
8.201510471052662066e-01
9.651421077251478575e-01
-7.244356666311688731e-01
-7.902805111770188073e-01
1.459693311695275941e-01
8.677893004004126887e-01
-3.435914961753527841e-02
6.595100334403676268e-01
5.504090731199255959e-01
-8.394438159109105513e-01
-4.692093646629560411e-01
5.104553187088640698e-01
-9.560390509996925523e-01
6.419366600213460838e-01
-2.960398538729080986e-01
1.919232108203798859e-01
5.914992930723457221e-01
-8.917302837026046536e-01
-8.276027927037696852e-01
9.529842790046414436e-01
-2.494044872825207371e-02
-1.745468714492437456e-03
-8.670076497422198880e-01
-2.579849989125364562e-01
-2.458999366180441015e-01
-1.912131951869240343e-01
-7.508754118721339132e-01
-9.803050402699458044e-01
-3.800794405624940975e-01
-4.766850272007416844e-01
7.941337241205586039e-01
-4.510922928278877642e-01
3.441199463778876755e-01
-5.058210267516212166e-01
2.727748901155555572e-01
4.924399047243916971e-01
6.633604456446362541e-01
8.830761932640351919e-01
-2.515931872758203625e-02
-8.142957698259789545e-02
8.370963682308965037e-01
3.832347640918152276e-01
6.048618854855973836e-01
4.541676310311710818e-01
-3.539150715908669920e-01
-3.360359610990171220e-01
2.042398503557720790e-01
-9.591860805295404635e-01
-2.520813958584473546e-01
4.248824675680336060e-01
7.851067202990860139e-01
8.032231985195599222e-01
2.247924931782112612e-01
7.270974538627092976e-01
5.493635095518307754e-01
-9.408546397866559552e-01
-3.374413296220846181e-01
-1.213340440118368946e-01
-3.911589175985057398e-01
8.136801068255399283e-01
2.009464176480266762e-01
4.760517405125785917e-01
9.217084712489453935e-01
-5.958002244101561207e-01
1.885766892345783763e-01
4.578527787711403896e-01
-5.017859309974497251e-01
3.524638494317058335e-01
-4.343940897086291386e-01
2.995432012576215719e-01
-8.944061355747690012e-01
5.199325228325057946e-01
2.205923411032453263e-01
-2.547134643967996492e-01
4.108106297731650702e-01
5.168538491264336177e-01
-3.399783995802281300e-01
-2.632599775744401960e-01
-1.919653075795890729e-01
5.900098685890642347e-01
4.965055918608740626e-03
7.864273349109642819e-01
6.524948765406126672e-01
-6.030857982924693328e-01
-7.899222842238911024e-01
-6.409104337318556333e-01
-9.537348525469435678e-02
-8.722468772110765212e-01
-4.914660037593729935e-01
-8.512927473813225454e-01
-2.568139690859103652e-01
5.112983930787624587e-01
8.341647753755339068e-01
5.556124842246250584e-01
-5.127382062012697528e-01
9.849253162814775031e-01
-1.068181756879067468e-01
-4.536934136933681305e-01
3.608087275200957400e-01
1.167118835413336608e-01
9.514420077492258265e-02
4.266296106773526109e-01
-8.568300255803713572e-01
-3.173347990155621634e-01
5.228630406713716816e-01
1.668356317700749880e-01
-7.819106078972115625e-02
1.805135365229459943e-01
-6.089814992258730797e-01
1.875493727686154966e-01
5.658573182967210347e-01
1.246018079539754631e-01
6.667350529752869015e-02
6.060058702892743288e-01
9.474918237783560571e-01
-2.153354031280922953e-01
-4.769730108027214754e-02
9.415843829742003290e-01
6.288408777426794938e-01
-7.626752523200091005e-01
-2.120881358723358812e-01
9.979824137589332622e-01
-8.031287624003931036e-01
7.419497572060789192e-01
5.023538728306786716e-02
-6.919261391813924522e-01
-3.263939404474289763e-01
-4.965018146186512826e-01
-4.517785943148511230e-02
4.049830641647600427e-01
6.708041034114033963e-01
-4.243638511526426349e-01
3.097142053834462949e-01
4.017399608215366236e-02
2.685442648180231817e-01
-9.289099358169938814e-01
-9.014452775709753674e-01
6.547891574301230033e-01
9.326459871414791714e-01
-7.850341807096605784e-02
9.728205705916246337e-01
2.239628763491192665e-01
-7.275475685234817913e-01
8.284496657740141323e-01
7.742459942431594300e-01
5.715185311915838007e-01
-4.501023715431868855e-01
4.020427348293533765e-01
1.239495120722502453e-01
5.715656097024801596e-01
-6.195211101972870615e-01
2.871778725437823532e-01
6.543542661442427466e-01
-2.289184069885898953e-01
6.254092938954955994e-01
-3.075652995786832822e-01
1.694593285488661394e-01
-1.922584454752340744e-01
9.127502458829490628e-01
1.749020184103644571e-01
-5.218441640991677843e-02
8.889568542596124612e-01
6.750442472377857772e-01
-9.056880469439720915e-01
4.936401666125966869e-03
-3.508780239199160711e-01
7.202348604908310747e-01
6.784877296240132694e-01
8.134220914689505033e-01
-6.592732025333767343e-01
-5.889496742520390349e-01
2.792668748053772632e-01
-1.823219153188306851e-01
-2.114369887681206706e-01
-7.675689421853171268e-02
-7.208110828758000910e-01
-9.223674279257647601e-01
-6.762155118980279767e-01
8.419772109344705324e-01
-7.498260754287460195e-01
2.423948916101545947e-01
-5.170313802839767714e-01
6.094683734936301445e-01
2.644151562465695271e-01
-9.788665884873728462e-01
7.030642309881642849e-01
-9.000415028507924298e-02
8.786126062930121883e-02
-8.840514905240088872e-01
-9.921323822138057302e-01
6.345381018377656002e-01
-6.247875689732114157e-01
-9.078932824422176751e-01
4.329475338937980311e-01
-1.019890203181850197e-02
7.692159128280073865e-01
7.567059057272589317e-01
4.686284460375886862e-01
-3.830327219400153638e-01
