-4.135814577639007616e-03
-1.489547611780750014e+00
-2.681761842335447232e-01
1.125924360366197696e+00
-4.558583612886797365e-01
-2.730289211005485939e+00
-1.409474674890324852e+00
-2.842703844712805017e-01
-8.236781373277834994e-02
1.653742672830657678e+00
1.553976361675527773e+00
2.360756614709426104e-01
-8.426660375840078210e-02
4.951648341356735816e-01
6.516093412448051847e-01
-2.768003672724066444e+00
1.167080142720855473e+00
5.138727857536741217e-01
1.380458772253635447e-01
-2.150145253985678018e-01
1.091934751982371887e+00
-3.209099893659268510e-01
-5.390460806127485016e-01
-6.208876946310004641e-02
-4.235348518051578193e-01
-1.474438312180203603e+00
1.728136619270514318e+00
9.050699224023945888e-01
1.982580626378208422e+00
-1.347639210114329189e-01
-7.891383572280014080e-01
-2.920557004226711495e-01
1.661439846372767093e+00
8.485578991761825174e-01
1.966549262803975462e-01
-8.876531186174354549e-01
-1.768798226799041418e+00
3.245777459855840874e+00
1.493301810659815265e+00
-3.010663910319890224e+00
-6.880373080303039401e-01
9.998144912058992695e-02
2.188676426663851426e-01
2.389285656518809198e+00
4.973097597814535309e-02
1.548250475793389036e-02
-9.577389189907183908e-01
7.436055206219633895e-01
-1.890974596341675307e+00
-1.259303122130315700e+00
-2.314987950841373099e+00
-7.558023527815233011e-03
6.335983419685935480e-01
-1.581077946295002645e+00
4.465709269570428130e-02
1.961914517473460684e+00
1.521041810991952126e-01
-2.334495229670852545e+00
-1.093266465759392903e+00
9.750189045295092338e-01
7.141596186220680043e-01
-1.638196130183102728e-01
1.051300198453837265e+00
1.707596088537429724e+00
1.658018629185662896e+00
2.490170888765257828e+00
-9.235355936397455778e-01
-1.271151995837171755e+00
2.064255420354237369e-01
8.523361263124449305e-01
-1.646377195255593229e+00
-3.211330481327900443e+00
2.658851354648275045e-01
-1.187136834904626959e+00
1.075359493672833899e+00
-9.553735048067647506e-01
-1.830068183113249258e-01
-1.178316227006102501e+00
-1.224115832882093802e+00
5.985211870132741696e-01
2.719130504636483980e+00
-1.020999907259781070e+00
3.796789206781248094e-01
-1.413004038868312939e-01
-1.374742800867033932e+00
-4.493085393411416772e-01
1.500762098344607498e+00
-8.300063684268943476e-01
-7.129160855772355143e-01
-1.187480308016575226e-01
1.152934031824581096e+00
-5.534179080039840493e-01
4.559970538613322688e-02
-1.823161654664630538e+00
8.101527142964235484e-01
4.819323892263558395e-01
-4.836131884920558122e-01
6.196140579582725127e-01
-7.291527311306056358e-01
-8.950315654323429682e-01
-2.969662615559640173e+00
-7.716722592482667675e-01
-4.092452300763367301e-01
9.535507959008264756e-01
-8.987243042545096650e-01
-1.315184574283675856e+00
7.611770381666651542e-01
4.233332079969467365e-01
-5.441692413658598682e-01
9.747202189877808287e-01
-9.157406236423770718e-01
-1.413420368282791717e-01
-5.804274955110155787e-03
-2.888581249523565653e+00
-2.006848860125248990e+00
-2.201317148101035404e+00
7.684936928213592644e-02
-5.607591555110413850e-02
5.081291135616841093e-01
8.122492447163192075e-01
-7.264341996326566520e-01
-5.357222960378416055e-01
2.422872561976979089e+00
-2.969388628897090543e-01
8.039828927827374905e-01
1.425510408612492785e+00
-8.369205355287634429e-01
-2.486764728299913241e+00
1.742038647925890693e+00
-1.390467173582208837e-01
1.158227414422040580e+00
-5.023252454956063096e-01
3.584727201835248289e-01
-5.573572029327675814e-01
3.397258088253973796e-01
5.723669240009503500e-01
1.993044360067036447e+00
8.783804855840624537e-01
-9.687288993962632766e-01
-5.338701096090427978e-01
-3.425810185356833237e+00
3.350337282693772178e-01
6.743524189492804410e-01
-3.808615100004497656e-02
6.971323864189464814e-01
-5.400379147315355066e-01
2.094525518931505959e-02
-5.473656541076687976e-01
-9.833976081190662910e-01
4.771781182320897763e-01
2.196585736939029587e-01
-1.331758961384738038e-01
-6.660627709791233642e-02
8.270077428403321829e-01
3.201172766068852482e+00
3.943048737279147287e-01
7.269368446849044929e-01
-1.096297542719877782e+00
4.983296576175142434e-01
3.621566915439091705e-01
-1.195751234893839277e+00
-4.393614115748301074e-02
1.830457110783605845e+00
-1.980599037139745722e+00
3.690231937945332330e+00
-4.937392919845328687e-01
2.363750595391989506e+00
2.064908844876246707e+00
-2.143728313159565246e-01
-9.111616054377710272e-01
-1.155225485734602930e+00
-4.809325933757588878e-01
1.506590078891512752e+00
-2.073779828634015221e+00
1.538568839407385980e+00
8.490798696809691570e-01
1.924006702361813481e-01
7.862642261877299532e-01
-2.615924452403026734e+00
-3.141318112969187504e-01
3.860068100477407338e-01
-5.941393989876444515e-01
3.632074679642349757e-01
1.536694000532548010e+00
3.926773199869870723e-01
2.433080963512987971e+00
2.404893426272327606e-01
-4.298585987537455466e-01
3.569695396959888800e-01
5.598912467069752097e-01
5.513146694351234167e-01
1.276277860648626028e+00
2.408365751616767803e+00
-9.327522170311099980e-01
-1.227491987700600196e-01
-5.365585402560846262e-01
4.939561791506581478e-01
2.965133282747917320e+00
-7.493795052052201200e-01
-9.978117858837520782e-01
1.300789347726070133e-01
-3.512849361644725388e-01
-6.578387738070103907e-01
-1.932943095375380338e+00
-3.690614370138179390e-01
6.991197819064340901e-01
-3.226696821618926236e-01
7.127724088641800293e-01
9.672811820606070921e-01
4.784293662641605493e-01
-7.629381053961892256e-01
-1.769734091738861537e-04
-1.792698334963479745e+00
8.222008389770505410e-01
-3.169854069029987009e-01
-1.005817884017491171e+00
3.481884538554482766e-01
-8.469994636936976073e-01
-1.927455881278413163e-01
-8.221504061667754826e-01
-1.242269102864400177e+00
9.553179884965192770e-01
-8.970233446487267948e-01
3.491244079558435409e-01
-8.284013489648252015e-01
-1.907843445443403008e+00
-1.395553153837781224e+00
9.471983999988686787e-01
2.063632057298291134e+00
1.019889494270796115e+00
-3.908595463010736459e+00
-4.490389217762058571e-02
-9.899298681640098518e-01
7.158481856881691030e-01
-3.742449601638225265e-01
-2.967501069849185047e+00
1.663031729410306969e+00
1.001169242783398916e+00
9.313545224798129851e-01
-3.220351321657966004e-01
2.890250940829064419e-03
-9.741904157214431592e-04
8.238308009543284793e-01
4.231811948953371205e-01
7.110826229444222601e-01
5.818990746110062062e-01
-1.236044783734578933e-01
2.302394958957395765e+00
5.952210664974015852e-01
2.893329932682941141e+00
-6.240328635213263087e-02
8.845523238558132828e-01
2.781414172393805728e-01
-6.011338105453398750e-01
-4.668481110413505442e-01
-9.200451151012223328e-02
1.305605613790469244e+00
-2.831203348822988186e-01
9.638612585044146197e-01
-3.628206737277854810e-01
1.586952750297130343e-01
-2.744457945533982368e+00
8.636534750765261226e-01
7.075505977110084110e+00
-5.705917861057945295e-01
