-4.362027609216284629e-01
9.021415473354860382e+00
-1.096245108517291955e-01
6.908635598979098180e-01
-2.403964340858470994e-01
-4.836746117738444650e-01
1.010522958635639235e+00
2.121654698626842528e-01
-3.045981251091786635e-02
-1.163161968048548323e+00
6.746746301148571767e-01
-6.903008954229514771e-01
-1.705942538789570584e+00
-8.223947414271024492e-01
8.451522905296058319e-01
-1.958105933453352598e+00
9.525820933774116206e-01
-1.588262891974090651e+00
-6.676221669632311784e-01
1.225421562256223673e-02
5.122681879737434052e-01
-5.392179742492839711e-01
-1.155717044955978601e+00
1.114982876680681301e+00
7.507812047648054765e-03
-7.835565390305487821e-01
-5.067425342005964506e-01
-9.253641216317582963e-01
-1.988569100840145376e+00
-1.762302126053538975e+00
2.923737623205950875e-01
-2.154524111632917460e+00
8.416572852432424590e-01
3.121480486489749406e-01
-1.680060099554244513e+00
3.485387704487144522e-01
1.017727863529783505e+00
-3.897648309957205681e-01
4.229595281961033848e-01
1.021972799800554554e-01
-4.655378894386847932e-01
5.343031329587795142e-01
-4.466395388822320678e-01
8.545232420148241026e-02
4.264417436843953579e-01
-4.897069683943329199e-01
7.610357368758478014e-01
-1.493741924008322730e-01
-1.384897438419527838e-01
1.873489077160022109e-01
-2.717335244080854029e-01
-2.275052241114212670e-01
-2.706339222877696127e-01
1.867396935402192426e-01
-1.096406154043100045e+00
1.514020860043942207e+00
-8.014464602063805510e-01
-4.975325308273432778e-01
2.455431371917772942e+00
-1.060966134392276050e+00
-2.309516958633047512e+00
-5.691333445828836712e-01
-5.249187663697819639e-01
-6.036893933269227297e-02
-5.210117833796019671e-01
4.342297907838194027e-01
8.077547681560466319e-01
-4.744367233635633507e-01
-4.367152187148612974e-01
-6.338662162812654932e-01
7.275959047654323442e-01
-5.901962612352034121e-01
9.230314921206295153e-02
-8.835026736981637097e-01
1.182120171123649310e+00
-3.189591002651570584e-02
-1.064681181436546442e+00
-1.695858915304674919e-01
1.221661798280583300e+00
-4.679037970000230473e-01
8.049628627725445851e-01
2.245264615865617541e-01
-8.748999585583689953e-01
-9.715524865832803059e-02
-5.116392453719025291e-01
-2.899797455988928352e+00
3.816475798294700628e-01
9.773529202425308426e-01
1.194327542393994523e+00
8.111443292130484650e-01
-9.633984261876127331e-01
-1.655070961208213731e+00
6.241178062012926464e-01
-1.941757043574309005e+00
-3.977689625527608408e-03
-2.514878825850844990e+00
9.882931452218177704e-01
-9.265793241686617332e-01
3.263446736640782664e+00
-1.829448810478647269e+00
-3.495077243109212528e-02
2.579097205263918724e+00
-8.454497815773605041e-01
-1.515515348217735703e+00
-2.843635091368938994e-01
4.312942186665853495e-01
-6.323829869165888962e-01
8.854508560621758839e-01
6.695503878149100530e-01
-4.156656793255519844e-01
4.169813477957803327e-01
-4.807920478146484600e-01
-1.462756488351054207e+00
9.406052950604926188e-01
2.157005429585390210e-01
6.764323222036747740e-01
7.992971179636617629e-01
2.922339792734499064e-01
-1.279521688914796229e+00
1.077642115431480363e+00
-4.441488434791507345e-01
-6.578122717354266680e-01
-2.401767013697954756e+00
-2.026411637687179912e+00
6.588853557789826620e-01
-3.127867719287127368e-01
-5.615670409443402900e-01
1.773172252058541343e+00
-1.979330776488200438e+00
1.004618483899007320e+00
1.080052327546506152e+00
-2.243532640782456955e+00
-1.542691288283334350e-01
-1.560845816489801141e+00
-9.378724067717425505e-01
2.674533985671875946e+00
-8.889096263576412582e-01
-4.267775840710855695e-01
-6.744162101302095813e-01
2.141075814216123696e+00
6.070839897868296475e-01
-6.122029507419304295e-01
9.884195090603273837e-01
-3.225657741433055614e-01
2.453033508430716658e+00
-6.663708479775752869e-01
5.225581802729104552e-01
-9.742900363204187730e-01
6.549251414199419585e-01
9.234225819197974250e-01
1.447846669847666856e+00
1.625192952521761658e+00
2.033513894373075725e+00
4.157863600209266153e-02
-1.673705254190357428e+00
-2.706618248403347415e-01
-6.623240224009987465e-01
6.652940800756952378e-01
-1.525693070367182269e+00
1.839813676079378180e-01
1.972929001140559246e-01
7.540891998348253633e-01
-1.024763881604893845e+00
9.951910106773509401e-02
2.377844054896256498e+00
-7.630484157781902699e-01
-3.449520197611593897e+00
-1.740068497240233381e+00
1.033533547996184243e+00
1.677404784342358068e+00
-3.073843888329009788e-01
3.274935062040917888e-02
-1.968678354988970813e-01
-3.126679143677184580e-01
-1.403274173319887241e-01
1.968759824343717879e+00
8.465015041373469273e-02
3.965683331859735095e-01
-3.212616339603039606e+00
9.866678612069949006e-01
-5.995801623154317639e-02
-3.608341313120318361e+00
5.755555176653202043e-01
-5.893254415734929808e-01
2.438822574065601934e-01
-1.770705941859040067e+00
-8.830815833312060104e-01
-1.126544212497138098e+00
-6.061438013667603819e-01
-1.395711490665227927e-01
1.112924038800833237e-02
-1.728148855214770574e-01
8.016535893018899017e-01
-7.602584724476554312e-01
1.206949698063326082e+00
1.568518825540871076e-01
2.421034030413555804e+00
1.442915544636161673e+00
-4.447342046039701735e-01
1.512044728127415194e-01
-3.030498025434311682e-01
-2.505382324438579111e+00
-1.669460258765549820e+00
-8.953740262360665447e-01
-1.096254878358577045e+00
6.302510548958530912e-01
8.045257948975503837e-02
7.320255453354689301e-01
1.228995664532488430e+00
-1.649059847936344969e-01
-2.161930580499626053e+00
-5.618509570325778135e-01
8.599076671117740212e-01
1.524841472749888016e+00
2.182157035545888579e+00
7.070750152735477689e-02
1.352351127433892408e+00
6.395267645666706802e-01
6.700657606398932042e-01
-4.785413410324501626e-01
9.351145697505642840e-01
-7.143926302314289600e-01
4.980793611595757397e-01
1.103402033346439826e+00
-3.286468681329302033e-01
-7.289760544516528107e-01
5.245000531923380560e-01
8.948818722718334673e-01
-8.985373222827790496e-01
-2.552713114449601250e-01
-3.408865235329384902e+00
-3.127971794922109972e+00
-3.274588349433427137e-01
-2.718005905306192904e+00
2.971248806319636948e+00
-9.040968025023854437e-01
1.052693659569945428e-01
9.949559797438924935e-01
6.659454366129387015e-01
9.270123799675875631e-01
8.668500889568806489e-01
-4.901598126863577320e+00
-1.367316290390991895e+00
-3.625027601810506539e-01
6.343422597884160741e-01
1.327326142503001627e+00
4.273394820092830670e-01
-1.115838994130818440e+00
-3.617699726641849800e-01
2.082006344862968206e+00
-9.773194093876373945e-01
-4.157439971672067802e-01
-1.163515511389679791e+00
1.243067797535901020e+00
-2.343085240201736585e-01
8.314823394388605182e-01
-5.799103934573386354e-01
2.844509508214486115e-01
8.810595760017285727e-01
1.140283509536020201e+00
-7.505211210934145116e-01
9.781816488017771594e-01
1.179849756323983812e+00
-2.125686531307164895e-01
3.998364698848680954e-01
