6.355825698313979366e-01
1.564032901645575624e-01
1.961782962944800812e-01
-1.249856189825873543e+00
-1.189693977704843419e+00
3.935377111963289654e-03
-4.110415790818926496e-01
-9.927921984926031673e-02
2.867344057655158429e-01
-9.570829214618652436e-01
-1.903057730247612156e+00
3.861174957198252322e-01
3.255543705145358402e-01
-2.466108525455077416e-01
-7.116272661705906888e-01
6.916262368708459007e-03
1.516913680149267085e+00
2.028491125640596859e-01
-7.261531201535622593e-01
-5.777272819282011085e-01
-8.966447665812358192e-01
9.810340805077277793e-02
-5.026504411621992574e-01
-8.014210309946827593e-01
3.417705219323976529e-01
-1.460925488913078496e-02
-9.200180506513250256e-01
6.691962924627525844e-01
3.498932364314644161e-03
-2.113866550332557104e-01
5.868246125903242572e-02
-7.118742951102745575e-01
8.826761605008648370e-01
5.639888556290550969e-01
7.714513095915476182e-03
9.966756250412445173e-01
1.496524976186530687e-02
-5.267099345558902135e-01
1.936390739729632049e-01
-6.144492297555492755e-01
-8.876726132699495064e-01
8.095656391857195544e-01
1.637757759982980676e-01
-9.394997793757831062e-02
-2.655876330094482096e-01
6.565190982723136948e-01
5.017189608544605495e-01
3.181049992117488401e+00
1.245873923340691247e+00
9.698804904021753881e-01
-4.939109133813097685e-01
-2.224543794841362221e+00
-3.913744389551010450e-01
-9.336405432327492537e-01
1.819458203341763891e-01
-6.013678604304280029e-01
-4.018898476158463406e-01
9.880533226326413399e-01
2.447619531525491166e-01
-4.058472753196127325e-01
8.666654670601716681e-01
-6.659037838256083308e-01
6.380951076595874349e-01
9.254208849995193553e-01
-6.391283712099500303e-01
-8.807737790648983989e-01
9.524243478299450061e-01
-9.858039404546787843e-01
-1.008585889792703361e+00
1.322624560380595282e+00
-3.389786561313124502e-01
1.055514201844588440e+00
6.355266517106292756e-01
-8.991099322281481676e-02
-2.139347102577306980e-01
-6.743388837322674689e-01
2.465477673638181155e-01
9.088388945531018503e-01
-1.177850604845316340e-01
7.363419991516932939e-01
-1.328489469375936927e-01
4.247873858682524872e-01
6.455729562293208712e-01
-2.205619002908014714e-01
-5.090249721098154545e-01
1.649567114739828977e+00
6.491244383266310258e-01
9.709222098121137456e-01
7.906345169886961344e-01
3.529656333542361413e-01
-7.103064955153601812e-01
-8.058464212696854201e-01
4.877949645110701837e-02
-2.540447102056325956e+00
1.502438449146605848e+00
-2.993642646174656807e-01
-1.300537559804336496e+00
-3.530824874781071099e-01
-1.587649228122290257e+00
4.389461670797697446e-01
8.492660224141409531e-01
9.336464866726368328e-02
6.350398260742622369e-01
3.929068641852856425e-01
-1.351464979473916861e+00
-2.630938681909178456e-01
-7.506004991940620208e-01
4.075122286900925150e-01
6.152754824859564264e-01
-2.828797972641228675e+00
1.818306846602648852e+00
-3.466232061977707612e-01
7.558361657443584125e-01
1.811850766128316748e+00
1.420195175507701357e-01
-7.559647701433156453e-01
-1.592628751312317625e+00
-9.258141984717538353e-01
5.783897732763749744e-01
-1.169184858172647168e-01
-7.061608924341429283e-01
-4.560059371287450425e-01
3.964380970132248549e-01
7.169363192944765428e-01
4.524617277763294254e-01
-1.051458563314341399e+00
2.446805481411151173e-01
8.680935286669204665e-01
-2.490857154701675569e-02
1.200833856992567839e+00
6.466080355264243185e-01
9.801166320703679213e-01
5.869802583234839943e-01
-8.993730078930344263e-01
-1.637451945322443869e+00
-5.631659847039303113e-01
4.776914727011405404e-02
-5.476483765389015268e-01
-1.377134600997176328e-02
-4.942281274018006654e-02
4.739957949588324837e-01
1.721978767423180789e+00
-1.169837398806357065e-01
5.619955508833034408e-01
-2.577419253651227038e+00
-3.475380396966425423e-01
-7.444968910438316545e-01
3.871281679197874359e-01
-1.625456455809308753e-01
9.301461678248545972e-02
5.769426849650898248e-01
6.331334458670339060e-01
1.428702922356781757e+00
-1.671425914268460433e+00
1.792250706041331743e-01
-7.051250369826471687e-01
-7.923398463520547885e-02
5.674234132000002262e-01
-1.456488390372033592e+00
3.837112517805718603e-01
1.628852213157323980e+00
1.523126548389952539e+00
4.366619943529976844e-01
-7.595327576925572366e-01
2.380024561282060303e-01
-3.145434776900768448e-02
4.515705926874441500e-01
-9.565029997058909217e-01
-7.773709923232261509e-01
1.540592642407741186e+00
8.680962429927380208e-01
-7.388663656123219958e-01
-9.003131658313248131e-01
1.102760362709405140e+00
1.845540261068137955e+00
-5.752213113316684279e-01
-2.072441899416484379e+00
-2.846903018290414256e-01
-9.827425311828894561e-01
6.350227071355385444e-01
-4.529221836549799374e-01
-8.571276722995841979e-01
-4.714340080523093945e-02
-1.117335445785902159e+00
-1.458900114163980688e-01
9.290847032038900277e-01
8.103587377589567264e-01
-7.258803957410531194e-01
-9.691304308570352077e-01
5.692451040990322841e-01
5.087428003917855435e-01
3.891498427364650237e-01
-6.374276577124371457e-01
-3.575060263494357904e-01
-5.288056323153134120e-01
3.125797693877361283e-01
4.492689073180274884e-01
3.944226443106857438e-02
5.208122501465923815e-01
-1.666782010524652247e-01
8.353242853767290921e-01
-1.152331232507090020e-01
9.527711621263408315e-01
-2.782075596823641916e+00
-7.726482134695038528e-01
-6.769988321251467767e-01
1.746778019022690476e+00
-7.860179139639000834e-01
6.769429118865173400e-01
-5.785267039505037623e-02
-6.476227148831055214e-01
-6.808021608022423177e-01
-9.506627667970721784e-01
8.760981138213319586e-01
-2.866383368159957090e-01
-7.814797047387855855e-01
2.553032498696041208e-01
6.017109048231255031e-01
4.780495198584460148e-01
1.315170992320891630e+00
1.459361584023694869e+00
9.493374918260573114e-01
-1.656422828811823234e-01
1.716794817625226788e+00
1.127911188695762679e-01
-6.088470561463794617e-01
4.111774127078346996e-01
-1.367214771540737450e+00
-1.767964852846623414e+00
3.142120854744538949e-01
1.750678800314054095e+00
-2.013482611951178392e-02
-1.932716570863797223e-01
-8.608900674551578369e-02
-6.365635719760868172e-01
9.839823616346501378e-01
-7.632226810754567659e-01
-1.800585760288187842e+00
-5.850453419687160483e-01
8.888557876356952825e-01
3.764889488448124322e-01
-3.957019147547256033e-01
-1.616554367341203058e-01
2.425712310920624670e-01
4.978623454017558903e-01
4.843579320582773740e-01
-5.870759003062258063e-01
-5.794154214545161885e-01
4.047187954583953973e-01
1.493514394580934601e+00
9.220684113242121338e-01
2.531898839623081265e-01
2.131038966327754469e+00
-3.773565139031325177e-01
-1.448813451975226485e+00
9.305974314012577242e-01
-9.827077842277514019e-01
6.134928968457820098e-01
5.217069839091561523e-01
-2.220801594639206233e-01
-1.657628983011912194e+00
-3.526245070790229308e-01
3.547655125205895210e-02
-3.527054110509182383e-01
-4.163189052147690528e-01
