-1.496053928369549091e+00
6.550273264308557053e-01
-4.375025464984707568e-01
1.764206834984352934e+00
-1.708654467775529318e+00
-6.430210686451733881e-01
7.721291814494324335e-01
1.350539288726835263e+00
-1.743941610982282509e-01
-2.924688455080979299e-01
2.734324529349796418e-01
-3.441851214179429963e-01
-2.511774087577512971e-01
1.599724159267649437e+00
-8.780396582423162233e-01
4.051782314059870771e-02
6.989105821964279874e-01
3.405904207355064717e+00
-1.164746184540165208e+00
-2.137441707547128866e-01
-2.691550934094199210e+00
1.386128924329255163e-01
-8.765946646713833612e-01
-7.652231824364252866e-01
-3.967746792791310706e-01
-2.617109945344841537e-01
-2.276610323212685305e+00
7.505507551505289365e-01
3.818841690440564207e-01
-3.598678234925412056e+00
-1.097253670292475114e-01
-1.689448517529727467e-01
1.203277440742175908e-01
-1.576085468175677962e+00
6.590553059824462157e-01
-1.370074972044975636e-01
-6.070597637606245378e-02
-4.730730279850132725e-01
5.972603875420015029e-01
-7.734054334871738323e-01
9.477359871896209320e-01
1.057033982322088450e+00
-3.119034634560363672e-01
-2.978581371868682104e-01
7.344809674234937802e-01
2.623025819849596374e+00
-2.118901803744082990e+00
6.068717363598263859e-03
3.257405342479384736e-01
-4.746104175915470957e-01
-5.760164075219170732e-02
-2.468082775255281136e-01
-1.290829696063939824e-01
8.039418815617989100e-01
-7.595199964297079109e-01
-1.284256442097995166e-01
9.541079171209627674e-01
4.647114053024865021e-01
5.511434983674510235e-01
7.355441141016574313e-01
-1.429882397504998126e+00
1.621271745796220021e-01
-2.053845630087472784e+00
-1.597624235167200979e-01
-2.152777853659215701e+00
1.499365250128564586e+00
3.454917031042881170e-01
6.052866384857877868e-01
4.983995388538651206e-01
-8.081658267886759894e-01
2.497029517608924554e+00
-7.707123498313328547e-02
7.952346355088451002e-01
8.379195047768770443e-01
-1.819245745854691787e-01
7.712187745681520212e-01
8.559792650744253439e-01
2.755146060740845115e+00
5.218022111962687948e-01
7.337160435270659864e-01
1.111098583481824331e+00
3.875336438705994091e-01
-2.672861028319881704e-01
8.926990987182303883e-02
1.073935561204989675e+00
9.296559904225107918e-01
6.833543282592646761e-01
-1.902874301282733160e-01
-1.219109816461075579e-01
9.739895576245174436e-01
2.849576208710540293e+00
-1.238660698997398502e+00
-2.919971735813821634e-01
3.542384978069648138e-01
1.860651990294204250e-01
9.819555068172978185e-01
-1.202711366442950069e-01
-7.966623338373253205e-01
-5.950560865267573440e-01
-2.346282214226574681e+00
-6.470373959924848872e-01
-9.706342362150239822e-01
1.032146767388256281e+00
-2.394335400527947133e-01
1.916813067568402529e+00
5.787697618108493813e-01
-6.839874332765683018e-01
-4.333860655217022240e-01
-8.877762210654830399e-01
1.586921888182621920e-01
-6.113257012036781290e-01
2.858363980788232173e-01
2.084816573736912648e+00
4.603414320998588938e-01
-2.673867938351826012e+00
-1.699979952612449274e-01
-9.530847497120937817e-01
-1.597459882211927917e+00
8.079045187396214356e-01
-2.614088535123657575e-01
-1.154746775762495403e+00
5.611492185880122552e-01
2.657882061438223698e-01
-8.647118945436023107e-01
-3.991916340482175585e-01
9.121286367242034121e-01
-2.722803914773102019e-01
-4.844577405790357894e-01
4.136765589306043989e-01
8.541790624937551923e-01
-3.541768775191769802e-01
-2.326459777101473891e-01
4.928935452465392775e-01
3.963685085325155399e-01
3.513759381607954868e-01
-3.085584765214480774e-01
8.609323134234820873e-01
-1.367082937720399904e+00
1.545978943253775606e+00
-3.009603150898516044e-01
-7.751871363765945322e-01
-9.606448914275376172e-01
4.469577945028212485e-01
1.236307433627872321e-01
-1.033856968214399874e+00
-9.095848310291096972e-01
-9.422819668219306610e-01
3.524087591589257773e-01
-8.197067768962023049e-01
5.301161173645101421e-01
2.697328316195213294e+00
-2.734893608906724616e+00
-8.454157032479716616e-01
3.827807061286432333e-01
-1.738563690176042620e-01
-2.671835501542341618e+00
9.223781038367189211e-01
-9.596435021557586653e-01
6.568539915183134736e-01
9.718370721392433076e-02
2.653822223489914478e-01
-6.009286016899486604e-01
5.601330090973936082e-01
-6.955834006822092519e-02
4.760444786070656686e-01
7.539344434648835858e-01
-9.777125005782860701e-02
-2.128844434223344795e+00
-3.026961678848850479e+00
8.373535499940174542e-01
-4.185423121069827834e-01
-1.106996021040449474e-01
-3.237961655405105610e+00
-1.601110765125026703e-01
-4.710560316881597931e-01
-1.824092747158390981e+00
-1.626439957981828499e+00
4.627862954746929658e-01
1.491978067940957775e-01
-1.456835955047743880e-01
6.427433153575790037e-02
-5.999034145296413545e-01
7.213700402584104499e-01
3.609873287965894573e-01
9.587018875315456157e-01
1.570393248893781735e+00
7.512608374981313286e-01
1.484627339642019317e+00
-8.907791845702190958e-01
4.313773410243850748e-01
-1.647713031330571010e-01
-3.148731699697817632e+00
2.778824898605758431e-02
-8.531569960297746835e-01
8.709547072147898472e-01
-6.020340451492359746e-01
-8.121819536511967197e-01
1.869387577302149772e+00
6.294733111220351951e-02
-4.634382457025110202e-01
6.659605222749360731e-01
-2.493661831310786947e-01
6.535278288590494755e-01
-9.618729145296200933e-01
1.035981577611506665e+00
1.120217932105953107e+00
1.153889615918479716e+00
-9.134466083855272700e-01
-6.118664340612627317e-01
5.226581125447953280e-01
-8.372987747238529455e-01
6.978943631540306392e-01
4.404375072148514203e-01
1.808352125193530391e+00
1.374023262766383091e+00
-1.274277262493793916e+00
1.108620593430104107e-01
1.112301365782982554e+00
-1.058714552643543527e+00
7.198881611767704580e-01
-5.775596195874086458e-01
-2.204623538891264722e+00
-2.972543009600387087e+00
-4.375389258856587915e-01
5.563367495405973084e-01
-2.198509014229492742e-01
4.709268627526703721e-01
1.104556952197241371e+00
4.118817600905713139e-01
-9.580456394269196707e-01
-2.747128595924901440e+00
-2.708482149673128170e+00
1.710958471411804016e+00
1.064665517465979594e+00
5.417701000147516766e-01
-2.394562374251130166e-02
4.390506554848718768e-01
3.100157022695078535e+00
1.932253129740251207e-01
7.308995090905430203e-01
3.877575204643417539e-01
5.173478920516914048e-01
-8.776792593330169368e-01
2.170781053109909209e-01
-3.465556501419537749e-01
6.947074018186865096e-01
4.905593472486757811e-02
4.338824593179315681e-01
3.296498611275364699e-01
7.094637132032448612e-01
-5.824072817579439842e-02
1.815595759734911496e-02
5.923409833502724098e-01
9.794117549273015921e-01
8.683082154447594458e-01
-1.182266104431481502e+00
-3.948048439266561016e-01
5.689590366861588255e-02
3.108251967772504010e-01
8.217755589731872146e-01
4.415840302302738163e-01
-2.877249108720890902e+00
-9.616033535668440102e-01
-1.200256339703740904e+00
4.211979005764592277e-01
