1.653289078306287685e+00
-1.594169731769787823e-01
3.588642595068641805e-01
-3.903759782371532427e+00
1.357168903630848522e+00
1.673909728166015576e+00
-4.925225939066045777e-01
1.837008540849187632e+00
-1.418686596237421549e+00
-6.531428106716670179e-01
-8.575230245070434298e-01
2.775149523133884077e-01
3.262087638475671403e-01
-7.872199420872274533e-01
5.749284460078244452e-01
-2.436306091529664375e+00
1.821394552383271304e+00
-1.802896677789007196e+00
2.459010479196142906e+00
3.152518322820196062e+00
-1.947388248238462127e+00
4.431366880492351168e-01
1.021515404838247321e+00
-1.417642938489341864e+00
-3.963506682023820726e-02
2.396887041164517562e+00
1.032570231325250276e+00
-9.055434942347251326e-02
1.751714796008644992e+00
-2.674183181171601920e+00
-1.421112172953333364e+00
9.867955605062139757e-02
-6.834517166781184372e-02
4.428896214631574679e-01
1.898033174252935495e+00
-1.806311568695656289e-01
-1.711167422482112066e+00
-1.125276223785125485e+00
-2.873577966204846623e-01
-1.009479709900567679e+00
-1.221470479157303224e+00
-6.959988016105955744e-01
1.074716299231634586e+00
1.704162545004599405e-01
1.582545403730470479e+00
-4.901908624338695564e-01
-3.035062134951368451e-01
-1.865861236068046436e+00
2.895617189723661555e-01
-1.362878995648759473e+00
-1.256208826744025897e+00
-2.263145375786762559e-01
-1.498551914171941002e+00
-8.247739414945596259e-01
5.196177020472423358e-01
2.392512758953221130e+00
2.237834799285132736e-01
-7.355314835520012640e-01
4.200742076783328116e+00
-3.305360291553935959e-01
-5.751270972930827563e-01
1.607408573524762740e+00
-1.062599491258127582e+00
-9.707886148827066242e-01
1.034514346166084398e+00
-1.582170756689443292e-01
-3.388117933954212013e+00
-1.221207516073095523e+00
8.020536577386725430e-01
-2.484889373221299103e+00
-3.011590785705704043e+00
4.201856764366075359e-01
2.738010650086605047e+00
-2.406318303299869843e+00
2.367477835781267803e+00
-5.194655630186157946e-01
-7.797539003389917234e-01
-5.767354034249774219e-01
3.150386483490319467e-02
2.702671590711307914e+00
-3.042555537877205118e-01
-2.179739574771390576e+00
1.266397781861628324e+00
1.847905861487638690e+00
7.020233804553324131e-01
8.338159810359591084e-01
-1.980444916857191373e-01
-4.625106910283852679e-01
2.518306455979002934e+00
2.755656126700827269e-01
9.066959561945426849e-01
-7.795835286403723918e-01
-2.817362673440408916e-01
8.734005987965102191e-01
2.116475880473855486e+00
-6.406963158116534274e-01
-1.453227868403842882e+00
-1.040767920859341000e+00
-1.009040688474332370e+00
-2.495610162232443141e+00
-4.698957056429819978e-02
6.080680803683764513e-01
4.847098975069185633e-01
-2.502415396248828916e+00
-7.618533703725236528e-01
-1.950748726895486396e+00
3.758257392969304167e-01
1.449745285040260789e+00
-1.905342454074476333e+00
-2.904638375168568931e-01
8.562144015154053989e-01
1.106644213046290570e-01
9.113682504240276927e-01
-1.972640662670519740e+00
9.624890015559977030e-01
-7.607530960004971199e-01
-4.405159523041383141e-01
1.004052988361923138e+00
-5.377972227646279357e-01
1.745655106049985861e+00
1.154260436182474869e+00
-1.872546677313104979e-01
2.500769304122257841e-01
1.680735659522174519e-01
7.924038158961348444e-01
1.329013428797290786e+00
1.792113583528401666e+00
5.617909781784322654e-01
-1.814906926102457518e-01
-4.333755255166644726e-01
-2.963577494514424426e-02
8.255737601516774937e-01
-3.328534432775392737e+00
2.451011283677615893e+00
-5.285500301649426191e-03
1.123904047257117789e+00
2.219001207741180259e+00
-9.549158997834288343e-01
-3.373689545429003900e-01
-1.272920270667409870e+00
-2.189269313298355613e+00
2.127038186268761955e+00
7.373883339096014566e-01
-1.054020474750851699e+00
5.728342863185593714e-01
8.053379224549670479e-01
2.804968308814033140e-01
-6.591486303392555257e-01
-2.148948970962223370e+00
2.541543247170329867e+00
-1.334519831945572221e+00
4.246387108495275342e-02
4.036130445796948241e-01
6.567868720028799956e-01
1.919749948021082009e+00
6.380721192326379576e-01
1.576514890858722318e-01
-1.059507103783217774e+00
-1.677347805339803877e-01
-1.117414088408086315e-01
-1.043395673584087247e+00
-2.258286923923102485e+00
-7.577930463659157123e-01
-2.012422646510771962e+00
2.804715501724578952e-01
9.099790846854283188e-01
4.542528318610348226e-01
2.503886880812036697e+00
-1.889050357297130445e+00
4.705557677253506821e-01
-4.449780400949887582e-01
-7.008345789583012575e-01
8.816419481082959919e-02
-4.704267467786206192e-01
-1.411800624869445242e+00
3.276115468121738594e-01
-2.094821116563066354e+00
8.791111024901834270e-01
-7.825816736116948391e-01
-1.485668907429869678e+00
9.349120472245247004e-01
-2.536192037909914099e+00
-4.318466496153350320e-02
-9.782945752503682257e-01
1.344608015448913285e+00
-1.126784278822872798e+00
-8.950772418110806150e-01
2.459208452910340015e-01
-1.998832792916438006e+00
5.183387820727980433e-02
2.778773231516361575e-01
-1.417262108839002055e+00
1.180791419737172721e+00
-3.399724009657474344e-01
5.388959246381224144e-01
1.077631011957401741e+00
-4.288834613968219855e-01
1.652240958797880577e+00
-4.264973606458239974e-01
9.641332793400762824e-02
1.161197662236297667e-01
-7.626449208017564985e-01
1.228180398477141111e-01
4.188734286293498421e-01
-8.243521469462158358e-01
-4.850382404653059698e-01
5.631129349316459365e-01
1.284289677144956787e+00
2.122874212484608947e-01
-1.930258916327177943e+00
-4.512696740928057171e-02
4.640788028245884655e-02
-2.551986244810622750e+00
-3.870184700148016077e-02
2.108396824115400525e-01
-2.208934370937423175e-01
-9.358593943963314787e-01
-2.398463115781130472e+00
9.310165246374670911e-01
-9.513680573444667221e-01
-8.009756036207416052e-01
-6.227755867008180068e-01
-1.986868491477850052e-01
6.036121471960798068e-02
3.234762631321854154e-01
-2.837422414077397370e-01
-1.074756127079054546e-01
-3.887547939009176612e-01
3.551882737351000685e+00
4.641488030448476243e-01
-3.375443684363764740e-01
1.422825571892678775e+00
-3.872143498659530447e-01
3.823641148881018470e-01
-3.313576492571118082e-01
-5.935395687240324625e-02
7.823484812217160744e-01
1.220264308655171770e-01
2.903874245705215351e+00
3.275791219358756279e-01
-1.369930554961729108e+00
-1.938667834688210245e-01
-8.484513293642067522e-01
-4.670826157153593616e-01
7.825659195018601633e-01
1.917893342943852719e+00
-1.007071840657923545e+00
-1.809705960464744301e+00
-4.850509039492463259e-01
-7.180215862005503435e-01
-1.925432154327777257e+00
6.508259649492316168e-01
-1.556921536152861663e+00
1.054896489078106958e+00
-8.112940118783218413e-01
7.670740486151366166e-01
-1.921209409792368428e+00
-1.230139940191901093e+00
2.587554792940146009e-01
2.716523887299446272e-01
2.891566776744894263e+00
-1.636961314555234415e+00
6.969354150542645954e-01
3.931526520082303300e+00
-1.476803653513787395e-01
