-6.636188582219040288e-01
1.125983432450476052e+00
3.199664966711145420e-01
-6.708686473481306756e-01
2.174597432029654165e+00
3.508963888031502165e-02
5.362237549528217073e-01
1.307123434324750644e-01
1.699284516248458221e-01
5.757730828510525534e-01
-1.029265993641952370e-01
8.926064478624853304e-01
8.144613635265098850e-01
-1.090783700877894891e+00
1.252463940543199428e+00
4.405698270407174544e-01
1.799812224140576733e-01
-1.395663863843108921e+00
6.130231678680984064e-01
5.241237503964238931e-01
3.038908744482320401e-01
-6.923744442297430357e-01
3.080679445859335619e-02
-7.754795194459294105e-01
8.458049791877497725e-01
-7.038900154800966646e-01
-1.397719085728996280e+00
-6.890175488785388325e-02
6.797867644224091510e-01
-2.435086233832017832e-01
-1.550720026351787739e+00
-5.069665756977721482e-01
-1.347492229480740100e+00
-6.024847300991522658e-01
8.725348494240359187e-02
1.287415097268451714e-01
-9.915908574855383240e-01
-5.028383172705668258e-01
-7.944179846599863648e-02
-2.177667199895461536e+00
-1.681953868369931104e+00
-1.131446369875286573e+00
3.314038916107697741e-02
3.240847873159489634e+00
-3.695591936559738944e-01
-5.552204030071261620e-01
-9.301132850557520815e-01
-2.096907887619077204e-01
1.510791589092073783e+00
6.688786687852470436e-01
1.586645294334382061e+00
9.270545961870357843e-01
-7.489898457223606032e-01
6.644637635263537234e-01
7.008398223399729954e-01
2.425346832470880898e+00
8.283529186751814599e-02
-4.595430844584602603e-01
-1.943682571482278076e-01
-6.109269546667428497e-01
-3.605744455860705466e-01
-3.889620304285205110e-01
-2.633302266343207076e-01
-1.311169908914909144e+00
9.991539595825824627e-01
1.048202869052369923e+00
-7.042473852869406414e-01
-7.060484372329541847e-01
-9.502501194264663109e-01
-7.611817096815917116e-01
2.439567664559871840e-01
1.472166371108751814e-01
-2.688182812319223736e+00
6.420109869381940282e-01
-5.941039168911748103e-01
-7.129474214377220509e-01
-1.115281874790678973e-01
-1.389307893801639882e+00
6.806155375547892072e-01
-9.510788916880128507e-01
-5.883966165068039711e-01
7.231153158182702656e-01
-3.141851904765502468e-01
-9.328300487817187125e-01
-3.663838882480587866e-01
6.737864045161960913e-01
-3.666794980916989743e-01
9.636468558666204665e-01
-4.646266768020985705e-01
8.599049216054481803e-01
5.446209919981628289e-01
4.532818603310475591e-01
-1.264901599424687717e+00
-8.032435048236754582e-01
9.966324671844417615e-01
2.311202674885100283e-02
2.166432265981259320e-01
3.781101151227413970e-01
2.979954353700999814e-01
9.319156743472987170e-01
-1.881190970959098818e+00
-2.634932151619750584e+00
8.033976506047799671e-01
3.055575028346131372e-01
2.138450500809190302e-01
-1.072220634886275725e+00
9.131921708915446967e-01
-3.389655613406850065e-01
-7.279165007979415680e-01
4.012023211263364697e-01
2.064156792916518768e+00
6.715555239805659493e-01
-1.129551029259286743e+00
-8.695486476887457350e-01
-3.421344753142834705e+00
-1.788108815550755182e-01
2.465055288096229535e-01
-1.148010027826472657e-01
1.643450888484447592e-01
2.073371997014448742e-01
-7.365013648673863766e-01
6.753033705974809120e-01
-9.450708838485498697e-01
-1.011314475876017971e+00
1.627761862626149192e+00
4.738495798098643075e-01
4.754821339385851831e-01
1.069971719852107039e+00
-1.909112755902080405e-01
-3.306172293287256148e-01
-2.780474803584802590e-01
9.946518743969612331e-02
-1.353265046394950266e+00
-2.038376732426285365e+00
-2.921783372837593595e-01
-3.074461877982643809e-01
-1.946203389351725432e+00
1.664794873780057749e+00
8.396108365535355222e-01
2.015111009837140976e+00
-1.357205970704090436e+00
-6.736092179847950057e-01
6.236779972158057461e-01
7.205348518283456460e-01
1.072841230443342120e-01
3.921574954916309252e-01
3.076823303584517166e-01
-2.972294808931583709e-01
2.051465117250940384e+00
-9.306038375024592302e-01
5.782067162487223300e-01
5.515747604607026400e-01
1.327737800812189284e-01
-9.306713225190245131e-01
-7.490287961787636117e-01
9.960582248913834036e-01
2.340635075013026700e-01
5.044238822895019680e-01
-8.266377041052035413e-01
-1.846854290360820938e+00
1.612215007674256961e+00
-1.951675393500673650e-02
-1.446809457253190656e+00
-4.801714221856998588e-01
1.231726641879356876e+00
-9.537108042427195898e-01
2.511611254819886341e+00
3.204436666684115087e-01
1.578072639732629900e+00
1.280163632576863497e+00
-3.436510813205296833e-01
-1.229102170469663635e+00
-7.574750846607634092e-01
4.502548087723270281e-02
-8.101522142143242622e-01
-2.713632241211509921e-01
4.112247069474637140e-01
8.411695496201134770e-01
-6.197953350763033553e-01
6.247115656018426000e-01
-2.276108950529791120e+00
3.412375754115495319e-01
1.146603830636282684e+00
1.239645179971393674e-01
-8.492869020521007783e-01
4.653110476644192195e-01
4.985901154406677804e-01
1.875726972522824720e+00
1.862435674854475698e+00
1.361567486479493549e-01
-1.094055577504237098e-01
7.037284624096924457e-01
-7.680558574812854089e-02
-5.985635597772858141e-01
1.463053934144102008e+00
-1.027303317972763086e+00
7.105796039416187870e-01
-6.952935980450085651e-01
4.698234717992084697e-01
3.807446833269474418e-01
-1.732467514232583383e+00
-1.044273706822780312e-01
1.744595907895998721e+00
-1.539754661402197300e-01
2.634313926998455013e-01
-2.175352552299913977e-01
-9.061441384593615922e-01
3.687260054716123836e-01
6.397123651740526107e-01
2.840178867345710678e-02
-6.497033230955627792e-01
8.642237704540896015e-01
-2.345243528812699374e-01
5.551657169224480937e-01
4.529259821613322856e-01
-6.212194790804059785e-01
-4.600047997233207564e-01
1.674012958173635823e+00
9.965274717441945374e-01
7.941259089918888403e-01
-9.841686637276996219e-01
-2.568467090355460503e+00
5.882936996933438856e-01
-1.014556279936111638e+00
1.170774414140015818e+00
-5.019712953873228800e-01
2.227280245009171544e+00
7.424535689501268187e-01
-1.054589194474776281e+00
-9.002655659119953580e-01
6.757691224194226631e-01
5.391893586104598013e-01
-1.597605697039374828e+00
1.029538567918318215e+00
-4.117151792935005439e-01
-2.016070746699839766e+00
-9.658434012815604319e-01
6.862385796545547034e-01
6.041178737594116166e-01
-7.000618160731386652e-02
4.189900715386335461e-01
-4.660781413485068914e-01
-5.738735043263692992e-01
2.260397715901739879e+00
-3.607297451790347775e-01
-3.873313649371427081e-01
-7.501111981437897924e-01
4.891378943029229820e-01
5.880150264724128828e-01
1.536458743117935288e+00
3.476884449027050628e-01
7.891084269070103296e-01
5.223817754931067148e-01
1.870867595777560455e+00
-2.302054461973744859e-01
4.360679792705755009e-01
9.663218591524738166e-01
8.487250229621938757e-01
1.849121210038391805e+00
9.381746098481726914e-01
-1.233687960839689790e+00
-4.349586321366733510e-01
1.374475516111105966e+00
8.936982192391786928e-01
-9.429121746427817641e-01
