8.037179612585534372e-01
-1.452462107388319268e-01
7.490960358104208350e-01
-5.377292588061595158e-01
-6.584072626897498060e-01
9.853462078958930004e-01
7.562781401084186506e-01
-7.611529814630506596e-01
-8.617713521379957164e-01
-4.160922940382847379e-01
-8.033113986121465100e-02
-2.603152283346812368e-01
-2.061517061806994455e-02
-6.824747475147967535e-01
-2.250747078722770134e-01
-1.719055744735412117e-01
2.860337738951339581e-01
-3.352398243628584851e-01
6.852853363800339714e-01
-9.778738421986044038e-02
9.385733839490058017e-01
8.055475987278579719e-01
-1.331960924415964698e-02
-1.542689214670910136e+00
1.684848594940058231e+00
1.196612750539156167e+00
-3.304791479765085693e-01
-8.248680279086182399e-01
-1.023989994897692712e-01
3.140633977173381552e-01
3.699048591151241627e-01
-1.056260535003837209e+00
-5.287106935963852283e-01
4.845450061392218011e-01
-8.131412182628361407e-01
-6.571722761988643136e-01
5.999564362108518178e-01
-3.669726219576363579e-01
4.376242982554152672e-01
7.013070600654980336e-01
-7.377820281037952288e-01
4.411902404831979929e-01
6.795482909983334707e-01
-1.375003137430261813e+00
-1.181608439613848205e+00
-2.789082354969690813e-01
-5.109109720775352192e-01
-4.485861340575652001e-01
7.661007243571289482e-01
-7.911834599055422856e-03
7.676408074667444570e-01
1.271409988522435253e+00
1.259301719980697731e+00
-1.343787536484283507e+00
-6.162050979197009060e-01
1.082629369339517034e+00
-4.424912650894947674e-01
7.000054522401268908e-01
3.097275807529247249e-01
-2.201627678486417494e+00
-2.911993423022996019e-02
-5.371457126966916462e-02
-8.322641116419995377e-01
4.771988112666558646e-01
6.030485967897870614e-01
2.114437578173947507e+00
-3.854345381580825958e-02
-7.552198152819602495e-01
-7.253268684998495086e-01
-5.288369446479597169e-01
-5.520214797642272186e-01
8.288915597970514249e-02
1.466170951931753397e-01
-6.001830646203116792e-01
4.250575337739175286e-01
-1.903014253707620895e+00
-2.998782039756120454e-02
-1.514349562506008384e+00
-4.047842663704648292e-01
-5.737875281480503409e-01
4.987407787220490274e-01
-7.666329188327249966e-01
-8.763722485605125456e-01
9.771782084469315954e-02
-5.699619208319073316e-02
-1.423199960295957744e-01
3.659974583050404906e-01
2.939115228024668180e+00
4.162806685915726446e-01
6.599369924294882228e-01
2.530369450113447716e-01
-1.539841992289450734e-01
-9.857728004011092615e-01
1.935815910856966138e-01
1.224284840860410117e-01
-2.069030670261961191e+00
5.143441322089428169e-01
-5.669105432726293525e-01
2.356258617319940463e+00
-1.952208740578778023e-01
-4.046390975999006656e+00
8.476642736177784077e-01
-8.208067710228970082e-01
-4.876831998560571257e-01
-2.775390263181148898e-02
9.360159825124056976e-01
-5.638823166479554061e-01
-1.751495564895768631e-01
-8.514579553066761175e-01
-2.106170388329251519e-01
-4.565126567903630694e-01
-8.085112828172695831e-01
-9.185949429581212744e-01
9.004416689264957974e-01
-4.046611343073627243e-01
1.896568727137078803e+00
1.247776355226340339e+00
-2.167528880455567020e-01
-3.121888870502507185e-01
3.936335394376480057e-01
-2.400843203645908197e-02
-9.635993764085120095e-01
3.559101275024365574e-01
1.310672746092703678e-01
-5.335617909310718110e-01
-6.500525188140542365e-01
3.108426928021070790e-01
7.808439998855720710e-01
7.909625180319341808e-01
-7.427307395480203800e-01
-4.893301471917363976e-01
-1.246709615748133881e-01
9.623605481210595336e-02
6.003246097585104302e-01
2.478985578547370228e-01
-2.299748819780171871e-01
-2.837416792821183531e-01
-8.694045709517617126e-02
-8.608529184537494494e-02
-9.193348844318547375e-01
-9.800452044102512250e-01
9.153072029098683338e-01
-9.795419872671908834e-01
-9.900535014885762930e-01
6.314941410989094450e-03
4.539300597072051247e-01
-1.845502414831508897e+00
-7.844976241865617705e-01
-7.192084239425726722e-01
-3.642910112907864484e-01
8.537722619730760965e-01
9.069731369280618072e-01
7.427917304068838433e-01
-3.310372362392378642e-01
4.993628691567417732e-01
8.736261481039742094e-02
7.592449427652869787e-01
-4.410280331752716165e-01
2.832690469289311785e-01
-3.500211075354801582e-01
-2.103058428842886074e-01
-1.067633915577842041e+00
4.686241715828116661e-01
-1.508794962518305471e+00
1.666099562701128134e+00
-8.726144328996501276e-01
1.544029409443663514e-01
-1.093220381480245473e-01
-9.552140393870222068e-01
4.940710074255589834e-01
-1.554461253893093531e-01
2.453981059163030221e+00
-8.362290952383544251e-01
6.963538351082423361e-01
3.630574767507503964e-01
1.116158312715888501e+00
7.838857788997880549e-01
-1.750765774735008051e-01
4.122424454680229111e-01
1.214551739630106653e+00
2.680998536127797705e-01
3.463153107050509494e-01
1.833021107383707715e-01
1.192339860631692838e+00
8.878352621794705080e-01
7.156608665968959837e-01
-1.170048720558327204e+00
-7.670368187310727670e-01
4.963104096371266927e-01
2.781792327839607282e-01
9.762138946740761547e-01
8.388078288740663524e-01
-4.765843222580208316e-01
-7.919161303132984386e-01
-1.368092189767368683e-01
7.155368827979007307e-01
2.614727024880814099e-01
2.120934072674089066e+00
6.744552712256333127e-01
-6.719778397446598550e-01
-9.772249502878933569e-01
4.058024363763268472e-01
-2.531347502367804037e+00
-2.242962786539086650e-01
4.603121708941460000e-01
2.000805618668786146e-01
-9.739497018160403474e-01
-3.916907131687157317e-01
-7.470448813589221082e-01
-4.920535469709279575e-01
-2.592786964933238458e+00
-4.092080123148038595e-01
3.925104007688971497e-01
3.613647552337460045e-01
5.879304351439643694e-01
-2.286150235277739640e-02
-2.388262755074429311e+00
1.314565166846137778e-01
9.198860225364633436e-01
-3.375930787554755064e-01
1.532913664665458420e-02
-4.487325595526336919e-01
-1.654697704085696941e-01
7.316002919729978071e-01
-3.986493457205524393e-01
9.893226848629568249e-01
-9.317973725659629558e-01
-1.131303288614641467e+00
9.825654905787415405e-01
-2.477998626529820392e-01
7.506815819245589161e-01
1.393526661981989712e-01
8.096872110863376770e-01
6.069240005259093351e-01
1.660425735860613927e-01
-6.011214258981900649e-02
1.811141211747283819e+00
1.281315377230121344e+00
-7.957600454267246270e-01
3.081465332981172534e-01
6.230224229995575680e-01
-5.258564385989128454e-01
3.601435247917725846e-01
9.294786654468703002e-01
4.358858444637290219e-01
-9.070035972271230928e-01
-3.658305383492060914e-01
-1.601769022390584496e-01
1.609875274306298287e-01
9.814323545756242773e-01
4.982678383561123248e-02
1.885736745997714792e-01
-4.575022097834474666e-01
5.183577559819627645e-01
-2.327359328710227881e-01
8.226623340037643173e-01
4.387168135728691798e-01
1.140697571767958607e+00
4.505360648414866720e-01
7.737689916245407140e-01
1.514103893995004668e-01
-1.126092430963735236e+00
-1.363264585328751943e+00
-8.838200838069187881e-03
1.502574097586650836e-02
