-3.463639978623871407e-01
-8.590233127995778872e-01
-9.910991980169909787e-01
3.351774864458319403e+00
-2.049756134764579851e-01
-1.901946824910413225e+00
2.215745467947167757e-01
7.214003326588247500e-01
-9.649824620965203881e-01
6.227941879172484985e-01
-5.735662854395808807e-01
1.419107460357762751e-01
-5.451258558630260875e-01
1.026088608771050126e+00
-4.756498267270836688e-01
7.101770216220955056e-01
-4.455477890717007838e-02
6.321149432381143463e-01
-6.318782502761288722e-01
3.359006440320531084e-01
3.323903431776662476e-01
-1.452660998192068786e-01
-2.413043295915906494e-01
-2.362387500446945232e-01
9.180942416756687763e-01
-1.463370944991910338e+00
-7.405316695273898020e-01
-1.327564439243273497e+00
2.114555859074882527e-01
-6.017479262121170347e-01
2.404025537252088007e-01
-2.669648534552639951e-01
-5.669927638643197376e-01
-7.764927275619619707e-01
-7.176544073508619448e-01
9.128886369786342048e-01
-1.003423282024546115e+00
4.430626962671729840e-01
3.475907512043803216e-01
-7.732170631751247303e-01
-8.489176489835525974e-01
2.291125432922909155e-01
1.305018760716041282e-01
-4.558830480600348789e-01
-6.445372419842883005e-01
1.156113950367885224e-01
5.071454845170173531e-01
-1.735551835552523681e+00
-6.712133194451341822e-01
8.258994894178073309e-02
4.026075416419572228e-01
-7.578399636558053043e-01
7.930883033261380000e-01
-8.016656197590350530e-01
9.946361803778620558e-01
2.688274773936496498e-01
-1.728324447018994237e+00
-6.572696190840778829e-01
-1.299290796308891771e-01
-1.744384578845943334e-01
3.168849281521288752e-01
-4.785361823222651356e-01
-2.001173325010863202e-01
1.033858261202218465e-01
6.537971977446439542e-01
-9.363327535683330094e-01
-1.753752938648305948e+00
-4.220746807918542842e-01
8.743419903740878851e-01
-6.565143675767377562e-01
-1.492229631737851392e-02
-5.828634882351615421e-01
-7.930461056064188607e-01
-6.736411259201484647e-01
-6.480372906744291672e-01
-5.758064381652394648e-01
2.680338994000752706e-02
6.013106152215332845e-01
-1.199230418275052390e-01
5.639722468676910960e-01
9.589415382989041614e-01
-8.144136140259736756e-01
7.589870054104386199e-02
-7.369239147458286343e-01
-4.163288336957369773e-01
-7.029877966339728168e-01
-8.410526096383381667e-01
1.012248559304043116e-01
-8.755794619279990698e-01
-1.182433640358697025e+00
-5.108810011356095249e-01
8.815410383452104703e-01
-1.565968186354950609e+00
-6.590668936322653382e-01
-3.848349072369936508e-01
3.949075518423752484e-01
4.739521590252753214e-01
7.418155548935738697e-01
1.001723220437984452e-01
-2.466573868355916854e-01
-6.363355681557274490e-01
2.742365576433714036e-01
2.258341789767632779e-01
1.551655474684987546e-01
-7.518311726410065177e-01
3.089784872974593033e-01
9.883342331765450073e-01
1.277856679731467882e+00
6.783798566469005920e-01
-1.033354526439624888e-01
6.156058730315341343e-01
-8.363005898593756093e-02
8.352797868129537839e-01
-6.236514003615667434e-01
-2.504046732398938602e+00
-9.503303978724431111e-01
2.495879588096110435e-01
-9.009380132311450851e-02
-7.678214602487483109e-01
-1.306089212958840839e-01
4.809747298807804938e-01
2.570712728453901086e-01
-3.898867229802231993e-01
-4.508727764919551184e-02
-3.062304638521813338e-01
-3.885759034359805852e-01
-7.441317564370482085e-01
-5.228274650224435938e-01
-7.012807915504719602e-01
4.880973210720651601e-01
-2.124640125516745748e-01
-3.789355769880160540e-01
7.649347760349183289e-01
-9.662419892713436376e-02
7.162750607131777025e-01
-5.232776399171841231e-01
4.215832713993339365e-01
-2.382284531602141264e-01
4.987067598768046839e-01
-9.804045328027917172e-01
4.061625259049277403e-01
8.112336960045161138e-01
-1.709415476694465585e+00
-1.330875975510410480e-01
-3.786646464015678282e-01
2.187140039988582085e-01
-6.588320855277256527e-01
-7.848263947338083302e-01
-2.748324668772645918e-01
-6.231422674439406340e-01
1.521581314611816671e+00
5.853500211823137178e-01
9.846757332624689329e-01
6.671319171367096068e-02
-9.732001778483863053e-01
1.468932915216188295e+00
-7.335448003665734351e-01
1.622656906580743907e-01
-3.657861896821197334e-01
-6.121847712336068170e-01
8.153091684797428851e-01
1.399088861648204674e+00
1.088671594981277080e+00
9.592670415076102186e-01
-5.211132246334901907e-01
2.298125234843964027e-01
-4.278768381899431539e-01
-5.031190715520139634e-02
-3.747787411438374683e-01
1.330744733815011571e+00
-2.821498716946213570e-02
-2.674527507704564933e-01
-4.702918348342843835e-02
3.411413054879115503e-01
7.051297897684959404e-01
-6.993233172889663507e-01
-3.491583354646494719e-01
-4.512653307467380248e-01
-7.940705209183001045e-01
-9.395345866883639818e-01
-4.169027233198447924e-01
-2.746811161862106054e-02
-1.307962697783608963e-01
-8.617233903773184878e-01
3.765920387850396622e-02
4.667044672127185212e-01
4.970864623567953222e-01
2.217095900692387378e-01
4.286337559357065174e-01
-7.670407627101440973e-01
6.444891822361253908e-01
7.758448042562764435e-01
-5.012686013625478054e-03
-4.359709743599116116e-01
4.046811005948862672e-01
3.982142031384041658e-01
7.581019760122051920e-01
-9.413340563978498388e-01
9.124421890789198297e-01
-4.943573932846594410e-01
5.254958745038559309e-01
2.999873843740421542e-01
-1.834229381364872680e+00
-8.863081827288369352e-01
-3.397372968457157416e-01
8.155020601924792834e-01
-6.205574243032222492e-01
4.386381856841339300e-01
8.921486783419879663e-01
-6.146615820696639254e-01
-1.717131265774951565e-02
1.401488585891161875e-01
4.753385569342833961e-01
6.630343829506264441e-01
8.233679645213285436e-01
-3.319285920368975074e-01
-2.356436734400073341e-01
7.707156603008589180e-01
-8.401927220627056769e-01
4.815558761592753090e-01
1.238987060828300457e-02
4.878654366948893539e-01
-2.356171123720551819e-03
4.524619149091888559e-01
-1.914396030858117603e-01
-8.036645547204817053e-01
-1.388171907156458218e+00
-7.821664799770735588e-01
-2.007951705081029714e-01
-3.543829023940610057e-01
-3.573732602111501233e-01
-4.370724633154670080e-01
-4.171550529854590739e-01
-3.934388902760650453e-01
5.709115808564917405e-01
-2.442292058378493502e-01
6.244641571385726175e-01
3.040019244903438000e-01
3.838802038966264707e-01
-7.789774328874186082e-01
4.374487852624782125e-01
1.783540655776054695e-01
-5.084172001203219882e-01
5.424160668707042054e-01
1.854020827180307140e-01
-9.706813129416171915e-01
-2.161974930258425687e-01
-1.313339223522342891e-01
6.783835849355861480e-01
-9.650489016332346459e-01
9.282105210318354338e-01
7.519284317779328930e-02
2.826975087297991518e-01
3.185305858691083181e-01
4.241626824582100941e-02
3.192491032173685461e-01
3.393253029944354182e-02
2.202759914915563000e-01
5.115366535168115458e-01
5.660077769742171139e-01
-2.971625531273947018e-04
-9.066836044895716373e-01
-9.473753861810658705e-01
9.908818073357315015e-01
2.632430139281507486e-01
