2.308896045999296875e-01
1.884761259847980153e+00
-7.344881045335402980e-01
-5.036546490323995151e+00
4.050823209906173616e-02
3.645140187407680532e-01
-7.727902611814330136e-03
-5.686262497899603474e-01
1.436499505801431820e-01
-2.727925513294249260e-01
1.643947277337655333e+00
7.698347766280575488e-01
-1.064017577883135557e+00
3.388313425563291847e-01
-1.226618843419676752e-01
2.627939001240461536e+00
-5.016817345929622807e-01
2.694703634308361018e+00
2.182028061250596007e-01
3.621813139466623088e-01
-2.011507854529522632e+00
1.685214702473570192e+00
-1.785322351941942554e-01
4.058787159355029317e+00
-1.970581068752372378e+00
-7.299137887832363170e-01
-1.048337972265361850e+00
5.792740812909835668e-02
-5.166544071739398447e-02
1.721270958015609365e+00
6.927734250824191253e-02
-1.356865119217388616e+00
-8.305313398941731595e-01
-3.917590454205821526e-01
8.012909212602690179e-01
3.267074326419007191e-01
-1.068667086928760224e+00
-1.212789862778781869e+00
1.941455055533127805e-01
2.758343172860209247e-01
-2.601143504573748544e+00
3.252241747081920042e+00
-2.766474073186611093e-01
1.254686902307109886e+00
1.330267016684373749e+00
-2.307154758363146208e+00
2.624491227773512847e+00
-1.996467648513388760e+00
-1.397953496057601441e+00
1.502493983372764408e+00
-1.599627227403676688e+00
-2.796397437618633131e+00
-8.612929442923440426e-01
-1.130654056008653097e-01
4.482002193586845373e-01
3.650678110370977336e-01
-5.471822050038245289e-01
-6.800870662004647738e-01
3.511322886574026025e+00
5.916296326642460635e-01
9.189488062574177052e-01
6.388769575569250847e-01
5.363074710351685148e-01
-1.385540536680618384e+00
4.627200233658513850e-01
-2.785233547844149449e+00
-6.531184484674341650e-01
5.125597565649699927e-01
-3.463261046234624274e+00
-4.083017810610054532e-01
9.535249438192434646e-01
-1.964113944223723873e+00
-7.250919790586802804e-01
4.208777040759623667e-01
2.934146114781007952e+00
-1.202570221628696201e+00
6.003458321273063003e-01
-4.017716022582553670e-01
-7.558310042160774067e-01
-6.515558663328152589e-01
-9.809934588919043685e-01
2.292933252155397561e+00
-6.691724114251162980e-02
1.666277167880609866e-01
-1.174661675419617968e+00
1.367094210730638082e+00
1.273019391879948170e-01
6.541398777831337608e-01
-1.805253125840305728e+00
1.925246618406111443e+00
2.256384036630381118e+00
7.318656752506484953e-01
1.497878720495359861e+00
-2.698989935025846165e+00
3.643819552656975436e+00
1.500217016801468350e+00
-6.416973847794931185e-01
1.759785750107364932e-03
3.822199064226863285e-01
2.137275415534078959e-01
-1.036373119392856479e+00
5.442893575222603753e-01
8.800685910252128430e-01
1.407704109533304937e+00
3.360404653005196751e-01
5.435661459426794906e-01
9.846854454891407205e-01
-8.464168738307474849e-01
-5.982584042651828415e-01
-8.654920056905566206e-01
4.466135371153039935e-01
-3.316403020115417988e+00
-1.260081895468070368e+00
6.767053922101486929e-01
-1.498903371929105610e-02
-2.776780050559752855e-01
8.991284957525456090e-01
-2.553652420391914202e-01
3.483851603731974222e+00
-1.476060165701291726e-01
-1.079355166800995969e+00
8.630167000680111222e-01
3.556225141784163934e-01
8.674687206675504303e-01
-1.782254978087769004e+00
-1.056135464843525273e+00
-1.205557459338817416e+00
9.225856200415059050e-01
1.725037597521408728e+00
2.584526040957437765e-01
-7.091594207270922601e-01
8.931549477742483090e-01
8.593850167036193310e-02
3.812283325014853563e-01
9.992123655151211592e-01
-2.050348144883573642e-01
2.532585905417631400e-01
1.830157874283947050e+00
-9.161497033970602555e-01
-9.388915041590286670e-01
3.394830180841642009e-01
-6.857504146423810676e-01
7.643508416404698469e-01
1.136555486295028672e+00
1.208670842810365631e+00
-4.187034204973499874e-01
-1.004897637250481424e-01
-1.131110957246220128e+00
4.618498624644766792e-01
1.705876143773897624e+00
9.047271743523104259e-01
-1.410221770405862163e+00
8.292223718066865645e-01
-6.609645814953239995e-01
1.520218781500108030e+00
-1.270793920169719149e+00
-4.028058802694798324e-01
7.493080066434788522e-01
-1.953315036418755479e+00
1.213976431542408640e+00
-7.348566275950990656e-01
7.204679115511065657e-01
8.472853408724970725e-01
1.887327813930873122e+00
2.934330561861743014e+00
-1.733553703106058830e-01
4.784309651374304972e-01
5.635486198233872202e-01
-3.580735918027471598e+00
2.916979295043464759e-01
-1.369662650932397030e+00
-1.338951260205357707e-01
2.193882252917799036e+00
-1.655393233944584819e-01
1.099208066152174146e-02
8.955411370765280488e-01
8.129053773338135169e-01
-7.641156465734788572e-01
1.206898292657673899e+00
-8.471786496823403567e-01
-3.364025854522008974e+00
1.083323479226752095e+00
1.081730406058301730e+00
1.290368918204732873e+00
-9.126785316339833809e-01
-5.339866660569914797e-02
4.208520842658942662e-01
-6.833472852726174551e-01
-2.153928222727552466e+00
-1.286363320298235857e+00
-5.032815478392306252e-01
-1.497678659403564594e-02
-2.322726961966601777e+00
-9.260493960296050098e-01
-1.597610356604715287e+00
-4.602094142920981068e-01
-2.751817055004429635e-01
-1.754158525178913242e-01
-2.457124135998123293e-02
-2.067465338279144138e-01
1.897110347065087854e+00
-1.088927909115347425e+00
-3.426765524596706580e+00
-1.346483661993670866e+00
-4.072970533800939208e-01
7.660307451703902704e-01
1.861506798183780065e+00
3.962933552461107012e-01
3.405760712508782984e-01
1.237948630534497330e+00
1.827219110576669969e-01
-1.667508044943367906e+00
3.087163224893881175e+00
2.521710169198031704e+00
1.165769711091762417e+00
-1.332707752386583122e+00
6.548735101858247365e-01
6.120659610484102675e-01
-7.105754741864038770e-01
-7.717818092602555247e-01
-9.794065941482992255e-01
1.182763005088098618e+00
5.370366245862476795e-01
-3.503785201608896060e-01
-2.659982574608082961e-01
-4.939343307988930398e-01
-2.099024214661387777e+00
8.078172622119386137e-01
-5.219139782640587200e-01
2.230600947675539236e-01
-3.855049649864916161e-01
2.513791239733577765e+00
-1.231342094331857151e+00
-5.307338618133050634e-01
6.727802993593902103e-01
-7.268495533215579840e-01
-2.516799654276313802e-04
1.548524143753266413e+00
-4.363116378057427802e-01
1.193040094850599919e+00
2.864348321703161226e-02
-3.004679362839131063e+00
2.423574100732292180e+00
-1.593665697814041549e+00
-1.307072104067372065e+00
-3.237733079710596318e-01
1.608462161184930128e+00
-4.022185185111764039e-01
2.701027859932660924e+00
8.591761202251164686e-01
-4.097227325675785181e-01
7.448655454322359315e-01
6.952271644886074409e-01
2.267177590470410564e-01
-1.379757632927390398e+00
-3.092637343252848670e-01
-3.719374729158908099e+00
-8.892667622090745239e-01
-4.458646441827616158e-01
1.441964024240278031e+00
-1.877134580263705166e+00
-1.385528650892101199e+00
8.134596053019438333e-02
1.094741652693507206e-01
-3.182094676013962342e-01
