1.567743865048580876e-01
-2.667940792256655591e-01
-9.626441445731326318e-02
9.243678002603930022e-01
-3.688047940372696232e-01
5.997775700247014452e-01
-9.412320123252875259e-01
-6.987311873845158949e-01
6.323144584449587047e-01
-6.296100539051094902e-01
-4.790771167409948461e-01
4.665640460423303715e-02
-7.776873051733752540e-01
6.240334169339076809e-01
-3.842136864716465539e-01
-3.756233759524669757e-01
-6.826590438270208061e-02
6.413637480710630001e-01
9.145946503577686570e-01
-1.436471882736287675e-01
4.833700638716382780e-01
-1.301846329220162080e-01
4.109643115124079760e-01
-6.121140226350498814e-01
3.494454051034412423e-02
5.568612117192288657e-01
6.734466668497178787e-01
8.325129015912045016e-01
8.739795267890173580e-01
-7.651211198218084153e-01
1.998008028313664752e-01
-4.741453878315715631e-01
-1.614139145249120499e-01
-7.936039598972084441e-01
2.670431042949639178e-01
6.544690237404304778e-01
4.938701976315378328e-01
-5.309442344897541410e-01
-3.637937464481661998e-01
8.055211535420081503e-02
2.826919494134387811e-01
-2.509232495287863074e-01
-3.487114528762695898e-01
3.503689738537729692e-01
-3.163201317434973792e-01
-2.793945472240690897e-01
9.706933362972192114e-02
8.361677044461721664e-01
-2.277546790994384729e-01
3.029578951900866457e-01
5.913280585034761394e-01
-9.809916113334682386e-02
-3.524825144654795128e-01
6.605624196384618507e-02
-5.455803059528514520e-01
-1.113124595912506898e-01
7.410677699245895589e-01
8.018043936549323902e-01
-2.142596117364821140e-01
-6.762360306268755394e-02
-8.316624684498981068e-01
-1.719964649088816522e-01
1.664303348251889858e-01
-2.530414477293942976e-01
8.782767508941933254e-01
-6.665545086656674556e-01
9.030686337649200812e-01
-9.434873456163157535e-01
6.001021590174462350e-01
8.799740400364841619e-01
5.378316665533060537e-01
-7.434488505404117653e-01
-6.161797738219167986e-01
-4.703455247738170808e-01
-2.552135926363641172e-01
3.209852982256671261e-01
6.679283625880152453e-01
8.736802090375130891e-01
-6.286975240277243859e-01
4.505021425786093214e-01
8.355177634559685096e-02
-2.524817615602406029e-01
-2.658663612307381463e-01
-3.148777424476980613e-01
-6.385424200340150680e-01
2.514436723640156579e-02
-2.273653580193015777e-01
-7.463246066643984822e-01
-8.043580163186090370e-01
2.525882836431849743e-01
5.322169384608488318e-01
-5.357765627028370226e-01
7.902992378412496688e-01
4.092297433255789318e-01
9.068874750547135655e-01
4.145792309826021871e-01
6.127542590682968360e-01
7.052482410750360309e-02
-1.372512670489483000e-01
2.703713668263865166e-01
6.644537602736639847e-01
3.037232952570168010e-01
2.233344586921399699e-01
-7.995246069353423302e-02
7.520712770339399444e-01
2.432821232297217584e-01
7.683615994994086318e-01
9.975964110506374549e-01
-9.371755367242526891e-01
8.890663811795820326e-01
-2.968924710944707002e-01
-1.646122845330100226e-01
-8.951394135781209904e-02
4.098940197266920382e-01
2.281482964729297791e-03
5.609237875821213581e-01
-9.020343407962294613e-02
-4.541271448679673473e-01
9.669320973858996915e-02
-8.975371664623172929e-01
2.017438721213835606e+00
5.778670130802252558e-01
-8.485025916946047353e-01
6.446997357799568729e-01
-4.071375275106814406e-01
3.814825643770745067e-01
8.633195219844926882e-01
9.035709925150419153e-01
-9.375275074323334845e-01
-8.120559235376978435e-02
-6.390300287221382103e-01
-8.754153389281635889e-01
7.027295271009148525e-01
-4.426133429714442791e-01
-2.091096575555351222e-01
-6.075630930592645917e-02
6.889694981783520689e-01
-9.792575124790146024e-01
-7.304429087130168696e-01
-1.969990796486804641e-01
-5.140105262662730823e-01
-5.745908571628541850e-01
1.493935013987501281e-01
-8.776745898093838427e-01
6.940501270732031269e-01
-6.723612109681837978e-01
-9.316079996212600633e-01
-3.344806218491207517e-01
-2.143078609975987980e-01
-1.062972218380772382e+00
-9.427440200940184756e-01
5.098338094495864503e-01
-5.042118258646777207e-02
6.707362633275955055e-01
9.705950011023785073e-01
1.323903260041089158e+00
3.363767072759007437e-01
7.928158318601361554e-01
-3.632553304940833172e-01
-5.499153243439236505e-01
4.897558498034542129e-01
6.962073345684574033e-01
2.156982240504348169e-01
5.830428492629209369e-01
7.981156925254395684e-01
-8.380373324012047043e-01
3.945911647696240809e-01
-6.516369107209112332e-01
6.952239990907085332e-01
9.189080009563665996e-02
-5.260307279670741742e-01
6.963564101927852690e-01
9.904476098173977672e-01
1.024841237538676175e-01
-3.773613441049423756e-01
-9.180995345255709150e-01
5.717952740635647846e-01
-5.686061816648950717e-01
4.723585554207638815e-01
8.600680949826806643e-01
-4.299915753038365818e-01
8.317767221121321608e-01
7.751125210929168396e-01
7.519805502967511490e-01
9.561517317456980081e-02
-6.575050527565877712e-01
-6.193939784822457550e-01
-8.622319514202603230e-01
1.530054892645226872e+00
7.896384572520676048e-01
-6.690770468948763483e-01
2.996802940059060116e-01
2.216457635457302899e-02
-6.673765885456828251e-01
3.245596871556255536e-01
8.714760478778085240e-01
-8.956414482134060773e-01
7.498756868376084128e-01
3.920930680291112580e-02
6.537056191562640173e-01
-7.283774686531119258e-01
2.451283933866417186e-01
9.644674168070364040e-01
5.244179189941522434e-01
6.964495771768772769e-01
-1.271550186132723859e-01
1.746147487891269723e-01
8.593484278659389020e-01
7.068505694891946689e-02
1.319098786997461303e-01
7.918429584650970021e-01
-8.919704048270440389e-01
4.308153940630903289e-01
-4.114521397578758677e-01
1.150177161688128447e-01
-1.574414615015384822e-01
-5.615868035751756526e-01
-8.517533242751571532e-01
5.810061438067783968e-01
9.633124423289325389e-01
2.723802308879019751e-01
-1.577578374638559655e-01
-2.095256152482716239e-01
4.217720279578518472e-01
-9.801874592747705783e-02
-8.107956989186235752e-01
7.341608683833400484e-01
5.621610673631729505e-01
1.349304790465120085e-01
1.301815458455468644e-02
-6.094729744404729921e-01
-5.451941834613682758e-01
-1.708397311300300370e-01
7.132560481694927290e-01
1.777217709122203004e-01
-3.969260025532734826e-01
2.237218231592004170e-01
-1.286682335043944914e-01
-3.050327349915460395e-02
2.062929096233765414e-01
-5.479571524314041930e-01
1.314023388680365390e-01
4.939632454203162215e-01
3.572464480740220605e-01
8.861348322686168899e-01
-3.831052618729606785e-01
9.304574344557048349e-01
-7.211076315615618793e-01
-3.769892450758118851e-01
-6.394678578958512549e-01
-5.338667021912357757e-01
-4.361910380836420131e-02
-2.258152704475733241e-01
-2.429325897158585157e-01
9.793697988597822590e-01
8.927521675041039106e-01
-7.164632808225992466e-01
2.782140307282077174e-03
8.426342101241124372e-01
2.184853072966648213e-01
-2.033996821238903685e-02
2.849288474701898721e-01
7.922862645482253718e-01
7.500255758798477501e-01
5.665681457883602334e-01
